vehicle_journey_code,service_ref,line_ref,journey_pattern_ref,departure_time,journey_code,days_of_week,sequence_number,source_file
VJ1,PK0003436:5,ABLO:PK0003436:5:404,JP15,06:25:00,2,Sunday,1,404-21-404-_-y05-2_1.xml
VJ2,PK0003436:5,ABLO:PK0003436:5:404,JP15,06:55:00,4,Sunday,2,404-21-404-_-y05-2_1.xml
VJ3,PK0003436:5,ABLO:PK0003436:5:404,JP11,07:10:00,1,Sunday,3,404-21-404-_-y05-2_1.xml
VJ4,PK0003436:5,ABLO:PK0003436:5:404,JP15,07:25:00,6,Sunday,4,404-21-404-_-y05-2_1.xml
VJ5,PK0003436:5,ABLO:PK0003436:5:404,JP11,07:40:00,3,Sunday,5,404-21-404-_-y05-2_1.xml
VJ6,PK0003436:5,ABLO:PK0003436:5:404,JP15,07:55:00,8,Sunday,6,404-21-404-_-y05-2_1.xml
VJ7,PK0003436:5,ABLO:PK0003436:5:404,JP11,08:10:00,5,Sunday,7,404-21-404-_-y05-2_1.xml
VJ8,PK0003436:5,ABLO:PK0003436:5:404,JP18,08:25:00,10,Sunday,8,404-21-404-_-y05-2_1.xml
VJ9,PK0003436:5,ABLO:PK0003436:5:404,JP11,08:40:00,7,Sunday,9,404-21-404-_-y05-2_1.xml
VJ10,PK0003436:5,ABLO:PK0003436:5:404,JP18,08:55:00,12,Sunday,10,404-21-404-_-y05-2_1.xml
VJ11,PK0003436:5,ABLO:PK0003436:5:404,JP12,09:10:00,9,Sunday,11,404-21-404-_-y05-2_1.xml
VJ12,PK0003436:5,ABLO:PK0003436:5:404,JP7,09:25:00,14,Sunday,12,404-21-404-_-y05-2_1.xml
VJ13,PK0003436:5,ABLO:PK0003436:5:404,JP13,09:40:00,11,Sunday,13,404-21-404-_-y05-2_1.xml
VJ14,PK0003436:5,ABLO:PK0003436:5:404,JP7,09:55:00,16,Sunday,14,404-21-404-_-y05-2_1.xml
VJ15,PK0003436:5,ABLO:PK0003436:5:404,JP3,10:10:00,13,Sunday,15,404-21-404-_-y05-2_1.xml
VJ16,PK0003436:5,ABLO:PK0003436:5:404,JP7,10:25:00,18,Sunday,16,404-21-404-_-y05-2_1.xml
VJ17,PK0003436:5,ABLO:PK0003436:5:404,JP3,10:40:00,15,Sunday,17,404-21-404-_-y05-2_1.xml
VJ18,PK0003436:5,ABLO:PK0003436:5:404,JP7,10:55:00,20,Sunday,18,404-21-404-_-y05-2_1.xml
VJ19,PK0003436:5,ABLO:PK0003436:5:404,JP3,11:10:00,17,Sunday,19,404-21-404-_-y05-2_1.xml
VJ20,PK0003436:5,ABLO:PK0003436:5:404,JP7,11:25:00,22,Sunday,20,404-21-404-_-y05-2_1.xml
VJ21,PK0003436:5,ABLO:PK0003436:5:404,JP3,11:40:00,19,Sunday,21,404-21-404-_-y05-2_1.xml
VJ22,PK0003436:5,ABLO:PK0003436:5:404,JP7,11:55:00,24,Sunday,22,404-21-404-_-y05-2_1.xml
VJ23,PK0003436:5,ABLO:PK0003436:5:404,JP3,12:10:00,21,Sunday,23,404-21-404-_-y05-2_1.xml
VJ24,PK0003436:5,ABLO:PK0003436:5:404,JP7,12:25:00,26,Sunday,24,404-21-404-_-y05-2_1.xml
VJ25,PK0003436:5,ABLO:PK0003436:5:404,JP3,12:40:00,23,Sunday,25,404-21-404-_-y05-2_1.xml
VJ26,PK0003436:5,ABLO:PK0003436:5:404,JP7,12:55:00,28,Sunday,26,404-21-404-_-y05-2_1.xml
VJ27,PK0003436:5,ABLO:PK0003436:5:404,JP3,13:10:00,25,Sunday,27,404-21-404-_-y05-2_1.xml
VJ28,PK0003436:5,ABLO:PK0003436:5:404,JP7,13:25:00,30,Sunday,28,404-21-404-_-y05-2_1.xml
VJ29,PK0003436:5,ABLO:PK0003436:5:404,JP3,13:40:00,27,Sunday,29,404-21-404-_-y05-2_1.xml
VJ30,PK0003436:5,ABLO:PK0003436:5:404,JP7,13:55:00,32,Sunday,30,404-21-404-_-y05-2_1.xml
VJ31,PK0003436:5,ABLO:PK0003436:5:404,JP3,14:10:00,29,Sunday,31,404-21-404-_-y05-2_1.xml
VJ32,PK0003436:5,ABLO:PK0003436:5:404,JP7,14:25:00,34,Sunday,32,404-21-404-_-y05-2_1.xml
VJ33,PK0003436:5,ABLO:PK0003436:5:404,JP3,14:40:00,31,Sunday,33,404-21-404-_-y05-2_1.xml
VJ34,PK0003436:5,ABLO:PK0003436:5:404,JP7,14:55:00,36,Sunday,34,404-21-404-_-y05-2_1.xml
VJ35,PK0003436:5,ABLO:PK0003436:5:404,JP3,15:10:00,33,Sunday,35,404-21-404-_-y05-2_1.xml
VJ36,PK0003436:5,ABLO:PK0003436:5:404,JP7,15:25:00,38,Sunday,36,404-21-404-_-y05-2_1.xml
VJ37,PK0003436:5,ABLO:PK0003436:5:404,JP3,15:40:00,35,Sunday,37,404-21-404-_-y05-2_1.xml
VJ38,PK0003436:5,ABLO:PK0003436:5:404,JP7,15:55:00,40,Sunday,38,404-21-404-_-y05-2_1.xml
VJ39,PK0003436:5,ABLO:PK0003436:5:404,JP3,16:10:00,37,Sunday,39,404-21-404-_-y05-2_1.xml
VJ40,PK0003436:5,ABLO:PK0003436:5:404,JP7,16:25:00,42,Sunday,40,404-21-404-_-y05-2_1.xml
VJ41,PK0003436:5,ABLO:PK0003436:5:404,JP3,16:40:00,39,Sunday,41,404-21-404-_-y05-2_1.xml
VJ42,PK0003436:5,ABLO:PK0003436:5:404,JP16,16:55:00,44,Sunday,42,404-21-404-_-y05-2_1.xml
VJ43,PK0003436:5,ABLO:PK0003436:5:404,JP14,17:10:00,41,Sunday,43,404-21-404-_-y05-2_1.xml
VJ44,PK0003436:5,ABLO:PK0003436:5:404,JP16,17:25:00,46,Sunday,44,404-21-404-_-y05-2_1.xml
VJ45,PK0003436:5,ABLO:PK0003436:5:404,JP17,17:40:00,43,Sunday,45,404-21-404-_-y05-2_1.xml
VJ46,PK0003436:5,ABLO:PK0003436:5:404,JP19,17:55:00,48,Sunday,46,404-21-404-_-y05-2_1.xml
VJ47,PK0003436:5,ABLO:PK0003436:5:404,JP11,18:10:00,45,Sunday,47,404-21-404-_-y05-2_1.xml
VJ48,PK0003436:5,ABLO:PK0003436:5:404,JP15,18:25:00,50,Sunday,48,404-21-404-_-y05-2_1.xml
VJ49,PK0003436:5,ABLO:PK0003436:5:404,JP11,18:40:00,47,Sunday,49,404-21-404-_-y05-2_1.xml
VJ50,PK0003436:5,ABLO:PK0003436:5:404,JP15,18:55:00,52,Sunday,50,404-21-404-_-y05-2_1.xml
VJ51,PK0003436:5,ABLO:PK0003436:5:404,JP11,19:10:00,49,Sunday,51,404-21-404-_-y05-2_1.xml
VJ52,PK0003436:5,ABLO:PK0003436:5:404,JP5,06:25:00,2,"Monday,Tuesday,Wednesday,Thursday,Friday",52,404-21-404-_-y05-2_1.xml
VJ53,PK0003436:5,ABLO:PK0003436:5:404,JP5,06:25:00,2,"Monday,Tuesday,Wednesday,Thursday,Friday",53,404-21-404-_-y05-2_1.xml
VJ54,PK0003436:5,ABLO:PK0003436:5:404,JP6,06:54:00,4,"Monday,Tuesday,Wednesday,Thursday,Friday",54,404-21-404-_-y05-2_1.xml
VJ55,PK0003436:5,ABLO:PK0003436:5:404,JP6,06:54:00,4,"Monday,Tuesday,Wednesday,Thursday,Friday",55,404-21-404-_-y05-2_1.xml
VJ56,PK0003436:5,ABLO:PK0003436:5:404,JP1,07:10:00,1,"Monday,Tuesday,Wednesday,Thursday,Friday",56,404-21-404-_-y05-2_1.xml
VJ57,PK0003436:5,ABLO:PK0003436:5:404,JP1,07:10:00,1,"Monday,Tuesday,Wednesday,Thursday,Friday",57,404-21-404-_-y05-2_1.xml
VJ58,PK0003436:5,ABLO:PK0003436:5:404,JP6,07:24:00,6,"Monday,Tuesday,Wednesday,Thursday,Friday",58,404-21-404-_-y05-2_1.xml
VJ59,PK0003436:5,ABLO:PK0003436:5:404,JP6,07:24:00,6,"Monday,Tuesday,Wednesday,Thursday,Friday",59,404-21-404-_-y05-2_1.xml
VJ60,PK0003436:5,ABLO:PK0003436:5:404,JP1,07:40:00,3,"Monday,Tuesday,Wednesday,Thursday,Friday",60,404-21-404-_-y05-2_1.xml
VJ61,PK0003436:5,ABLO:PK0003436:5:404,JP1,07:40:00,3,"Monday,Tuesday,Wednesday,Thursday,Friday",61,404-21-404-_-y05-2_1.xml
VJ62,PK0003436:5,ABLO:PK0003436:5:404,JP6,07:54:00,8,"Monday,Tuesday,Wednesday,Thursday,Friday",62,404-21-404-_-y05-2_1.xml
VJ63,PK0003436:5,ABLO:PK0003436:5:404,JP6,07:54:00,8,"Monday,Tuesday,Wednesday,Thursday,Friday",63,404-21-404-_-y05-2_1.xml
VJ64,PK0003436:5,ABLO:PK0003436:5:404,JP1,08:10:00,5,"Monday,Tuesday,Wednesday,Thursday,Friday",64,404-21-404-_-y05-2_1.xml
VJ65,PK0003436:5,ABLO:PK0003436:5:404,JP1,08:10:00,5,"Monday,Tuesday,Wednesday,Thursday,Friday",65,404-21-404-_-y05-2_1.xml
VJ66,PK0003436:5,ABLO:PK0003436:5:404,JP6,08:24:00,10,"Monday,Tuesday,Wednesday,Thursday,Friday",66,404-21-404-_-y05-2_1.xml
VJ67,PK0003436:5,ABLO:PK0003436:5:404,JP6,08:24:00,10,"Monday,Tuesday,Wednesday,Thursday,Friday",67,404-21-404-_-y05-2_1.xml
VJ68,PK0003436:5,ABLO:PK0003436:5:404,JP1,08:40:00,7,"Monday,Tuesday,Wednesday,Thursday,Friday",68,404-21-404-_-y05-2_1.xml
VJ69,PK0003436:5,ABLO:PK0003436:5:404,JP1,08:40:00,7,"Monday,Tuesday,Wednesday,Thursday,Friday",69,404-21-404-_-y05-2_1.xml
VJ70,PK0003436:5,ABLO:PK0003436:5:404,JP5,08:54:00,12,"Monday,Tuesday,Wednesday,Thursday,Friday",70,404-21-404-_-y05-2_1.xml
VJ71,PK0003436:5,ABLO:PK0003436:5:404,JP5,08:54:00,12,"Monday,Tuesday,Wednesday,Thursday,Friday",71,404-21-404-_-y05-2_1.xml
VJ72,PK0003436:5,ABLO:PK0003436:5:404,JP2,09:10:00,9,"Monday,Tuesday,Wednesday,Thursday,Friday",72,404-21-404-_-y05-2_1.xml
VJ73,PK0003436:5,ABLO:PK0003436:5:404,JP2,09:10:00,9,"Monday,Tuesday,Wednesday,Thursday,Friday",73,404-21-404-_-y05-2_1.xml
VJ74,PK0003436:5,ABLO:PK0003436:5:404,JP7,09:24:00,14,"Monday,Tuesday,Wednesday,Thursday,Friday",74,404-21-404-_-y05-2_1.xml
VJ75,PK0003436:5,ABLO:PK0003436:5:404,JP7,09:24:00,14,"Monday,Tuesday,Wednesday,Thursday,Friday",75,404-21-404-_-y05-2_1.xml
VJ76,PK0003436:5,ABLO:PK0003436:5:404,JP3,09:40:00,11,"Monday,Tuesday,Wednesday,Thursday,Friday",76,404-21-404-_-y05-2_1.xml
VJ77,PK0003436:5,ABLO:PK0003436:5:404,JP3,09:40:00,11,"Monday,Tuesday,Wednesday,Thursday,Friday",77,404-21-404-_-y05-2_1.xml
VJ78,PK0003436:5,ABLO:PK0003436:5:404,JP7,09:54:00,16,"Monday,Tuesday,Wednesday,Thursday,Friday",78,404-21-404-_-y05-2_1.xml
VJ79,PK0003436:5,ABLO:PK0003436:5:404,JP7,09:54:00,16,"Monday,Tuesday,Wednesday,Thursday,Friday",79,404-21-404-_-y05-2_1.xml
VJ80,PK0003436:5,ABLO:PK0003436:5:404,JP3,10:10:00,13,"Monday,Tuesday,Wednesday,Thursday,Friday",80,404-21-404-_-y05-2_1.xml
VJ81,PK0003436:5,ABLO:PK0003436:5:404,JP3,10:10:00,13,"Monday,Tuesday,Wednesday,Thursday,Friday",81,404-21-404-_-y05-2_1.xml
VJ82,PK0003436:5,ABLO:PK0003436:5:404,JP7,10:24:00,18,"Monday,Tuesday,Wednesday,Thursday,Friday",82,404-21-404-_-y05-2_1.xml
VJ83,PK0003436:5,ABLO:PK0003436:5:404,JP7,10:24:00,18,"Monday,Tuesday,Wednesday,Thursday,Friday",83,404-21-404-_-y05-2_1.xml
VJ84,PK0003436:5,ABLO:PK0003436:5:404,JP3,10:40:00,15,"Monday,Tuesday,Wednesday,Thursday,Friday",84,404-21-404-_-y05-2_1.xml
VJ85,PK0003436:5,ABLO:PK0003436:5:404,JP3,10:40:00,15,"Monday,Tuesday,Wednesday,Thursday,Friday",85,404-21-404-_-y05-2_1.xml
VJ86,PK0003436:5,ABLO:PK0003436:5:404,JP7,10:54:00,20,"Monday,Tuesday,Wednesday,Thursday,Friday",86,404-21-404-_-y05-2_1.xml
VJ87,PK0003436:5,ABLO:PK0003436:5:404,JP7,10:54:00,20,"Monday,Tuesday,Wednesday,Thursday,Friday",87,404-21-404-_-y05-2_1.xml
VJ88,PK0003436:5,ABLO:PK0003436:5:404,JP3,11:10:00,17,"Monday,Tuesday,Wednesday,Thursday,Friday",88,404-21-404-_-y05-2_1.xml
VJ89,PK0003436:5,ABLO:PK0003436:5:404,JP3,11:10:00,17,"Monday,Tuesday,Wednesday,Thursday,Friday",89,404-21-404-_-y05-2_1.xml
VJ90,PK0003436:5,ABLO:PK0003436:5:404,JP7,11:24:00,22,"Monday,Tuesday,Wednesday,Thursday,Friday",90,404-21-404-_-y05-2_1.xml
VJ91,PK0003436:5,ABLO:PK0003436:5:404,JP7,11:24:00,22,"Monday,Tuesday,Wednesday,Thursday,Friday",91,404-21-404-_-y05-2_1.xml
VJ92,PK0003436:5,ABLO:PK0003436:5:404,JP3,11:40:00,19,"Monday,Tuesday,Wednesday,Thursday,Friday",92,404-21-404-_-y05-2_1.xml
VJ93,PK0003436:5,ABLO:PK0003436:5:404,JP3,11:40:00,19,"Monday,Tuesday,Wednesday,Thursday,Friday",93,404-21-404-_-y05-2_1.xml
VJ94,PK0003436:5,ABLO:PK0003436:5:404,JP7,11:54:00,24,"Monday,Tuesday,Wednesday,Thursday,Friday",94,404-21-404-_-y05-2_1.xml
VJ95,PK0003436:5,ABLO:PK0003436:5:404,JP7,11:54:00,24,"Monday,Tuesday,Wednesday,Thursday,Friday",95,404-21-404-_-y05-2_1.xml
VJ96,PK0003436:5,ABLO:PK0003436:5:404,JP3,12:10:00,21,"Monday,Tuesday,Wednesday,Thursday,Friday",96,404-21-404-_-y05-2_1.xml
VJ97,PK0003436:5,ABLO:PK0003436:5:404,JP3,12:10:00,21,"Monday,Tuesday,Wednesday,Thursday,Friday",97,404-21-404-_-y05-2_1.xml
VJ98,PK0003436:5,ABLO:PK0003436:5:404,JP7,12:24:00,26,"Monday,Tuesday,Wednesday,Thursday,Friday",98,404-21-404-_-y05-2_1.xml
VJ99,PK0003436:5,ABLO:PK0003436:5:404,JP7,12:24:00,26,"Monday,Tuesday,Wednesday,Thursday,Friday",99,404-21-404-_-y05-2_1.xml
VJ100,PK0003436:5,ABLO:PK0003436:5:404,JP3,12:40:00,23,"Monday,Tuesday,Wednesday,Thursday,Friday",100,404-21-404-_-y05-2_1.xml
VJ101,PK0003436:5,ABLO:PK0003436:5:404,JP3,12:40:00,23,"Monday,Tuesday,Wednesday,Thursday,Friday",101,404-21-404-_-y05-2_1.xml
VJ102,PK0003436:5,ABLO:PK0003436:5:404,JP7,12:54:00,28,"Monday,Tuesday,Wednesday,Thursday,Friday",102,404-21-404-_-y05-2_1.xml
VJ103,PK0003436:5,ABLO:PK0003436:5:404,JP7,12:54:00,28,"Monday,Tuesday,Wednesday,Thursday,Friday",103,404-21-404-_-y05-2_1.xml
VJ104,PK0003436:5,ABLO:PK0003436:5:404,JP3,13:10:00,25,"Monday,Tuesday,Wednesday,Thursday,Friday",104,404-21-404-_-y05-2_1.xml
VJ105,PK0003436:5,ABLO:PK0003436:5:404,JP3,13:10:00,25,"Monday,Tuesday,Wednesday,Thursday,Friday",105,404-21-404-_-y05-2_1.xml
VJ106,PK0003436:5,ABLO:PK0003436:5:404,JP7,13:24:00,30,"Monday,Tuesday,Wednesday,Thursday,Friday",106,404-21-404-_-y05-2_1.xml
VJ107,PK0003436:5,ABLO:PK0003436:5:404,JP7,13:24:00,30,"Monday,Tuesday,Wednesday,Thursday,Friday",107,404-21-404-_-y05-2_1.xml
VJ108,PK0003436:5,ABLO:PK0003436:5:404,JP3,13:40:00,27,"Monday,Tuesday,Wednesday,Thursday,Friday",108,404-21-404-_-y05-2_1.xml
VJ109,PK0003436:5,ABLO:PK0003436:5:404,JP3,13:40:00,27,"Monday,Tuesday,Wednesday,Thursday,Friday",109,404-21-404-_-y05-2_1.xml
VJ110,PK0003436:5,ABLO:PK0003436:5:404,JP8,13:54:00,32,"Monday,Tuesday,Wednesday,Thursday,Friday",110,404-21-404-_-y05-2_1.xml
VJ111,PK0003436:5,ABLO:PK0003436:5:404,JP8,13:54:00,32,"Monday,Tuesday,Wednesday,Thursday,Friday",111,404-21-404-_-y05-2_1.xml
VJ112,PK0003436:5,ABLO:PK0003436:5:404,JP4,14:10:00,29,"Monday,Tuesday,Wednesday,Thursday,Friday",112,404-21-404-_-y05-2_1.xml
VJ113,PK0003436:5,ABLO:PK0003436:5:404,JP4,14:10:00,29,"Monday,Tuesday,Wednesday,Thursday,Friday",113,404-21-404-_-y05-2_1.xml
VJ114,PK0003436:5,ABLO:PK0003436:5:404,JP6,14:24:00,34,"Monday,Tuesday,Wednesday,Thursday,Friday",114,404-21-404-_-y05-2_1.xml
VJ115,PK0003436:5,ABLO:PK0003436:5:404,JP6,14:24:00,34,"Monday,Tuesday,Wednesday,Thursday,Friday",115,404-21-404-_-y05-2_1.xml
VJ116,PK0003436:5,ABLO:PK0003436:5:404,JP1,14:40:00,31,"Monday,Tuesday,Wednesday,Thursday,Friday",116,404-21-404-_-y05-2_1.xml
VJ117,PK0003436:5,ABLO:PK0003436:5:404,JP1,14:40:00,31,"Monday,Tuesday,Wednesday,Thursday,Friday",117,404-21-404-_-y05-2_1.xml
VJ118,PK0003436:5,ABLO:PK0003436:5:404,JP6,14:54:00,36,"Monday,Tuesday,Wednesday,Thursday,Friday",118,404-21-404-_-y05-2_1.xml
VJ119,PK0003436:5,ABLO:PK0003436:5:404,JP6,14:54:00,36,"Monday,Tuesday,Wednesday,Thursday,Friday",119,404-21-404-_-y05-2_1.xml
VJ120,PK0003436:5,ABLO:PK0003436:5:404,JP1,15:10:00,33,"Monday,Tuesday,Wednesday,Thursday,Friday",120,404-21-404-_-y05-2_1.xml
VJ121,PK0003436:5,ABLO:PK0003436:5:404,JP1,15:10:00,33,"Monday,Tuesday,Wednesday,Thursday,Friday",121,404-21-404-_-y05-2_1.xml
VJ122,PK0003436:5,ABLO:PK0003436:5:404,JP6,15:24:00,38,"Monday,Tuesday,Wednesday,Thursday,Friday",122,404-21-404-_-y05-2_1.xml
VJ123,PK0003436:5,ABLO:PK0003436:5:404,JP6,15:24:00,38,"Monday,Tuesday,Wednesday,Thursday,Friday",123,404-21-404-_-y05-2_1.xml
VJ124,PK0003436:5,ABLO:PK0003436:5:404,JP1,15:40:00,35,"Monday,Tuesday,Wednesday,Thursday,Friday",124,404-21-404-_-y05-2_1.xml
VJ125,PK0003436:5,ABLO:PK0003436:5:404,JP1,15:40:00,35,"Monday,Tuesday,Wednesday,Thursday,Friday",125,404-21-404-_-y05-2_1.xml
VJ126,PK0003436:5,ABLO:PK0003436:5:404,JP6,15:54:00,40,"Monday,Tuesday,Wednesday,Thursday,Friday",126,404-21-404-_-y05-2_1.xml
VJ127,PK0003436:5,ABLO:PK0003436:5:404,JP6,15:54:00,40,"Monday,Tuesday,Wednesday,Thursday,Friday",127,404-21-404-_-y05-2_1.xml
VJ128,PK0003436:5,ABLO:PK0003436:5:404,JP1,16:10:00,37,"Monday,Tuesday,Wednesday,Thursday,Friday",128,404-21-404-_-y05-2_1.xml
VJ129,PK0003436:5,ABLO:PK0003436:5:404,JP1,16:10:00,37,"Monday,Tuesday,Wednesday,Thursday,Friday",129,404-21-404-_-y05-2_1.xml
VJ130,PK0003436:5,ABLO:PK0003436:5:404,JP6,16:24:00,42,"Monday,Tuesday,Wednesday,Thursday,Friday",130,404-21-404-_-y05-2_1.xml
VJ131,PK0003436:5,ABLO:PK0003436:5:404,JP6,16:24:00,42,"Monday,Tuesday,Wednesday,Thursday,Friday",131,404-21-404-_-y05-2_1.xml
VJ132,PK0003436:5,ABLO:PK0003436:5:404,JP1,16:40:00,39,"Monday,Tuesday,Wednesday,Thursday,Friday",132,404-21-404-_-y05-2_1.xml
VJ133,PK0003436:5,ABLO:PK0003436:5:404,JP1,16:40:00,39,"Monday,Tuesday,Wednesday,Thursday,Friday",133,404-21-404-_-y05-2_1.xml
VJ134,PK0003436:5,ABLO:PK0003436:5:404,JP6,16:54:00,44,"Monday,Tuesday,Wednesday,Thursday,Friday",134,404-21-404-_-y05-2_1.xml
VJ135,PK0003436:5,ABLO:PK0003436:5:404,JP6,16:54:00,44,"Monday,Tuesday,Wednesday,Thursday,Friday",135,404-21-404-_-y05-2_1.xml
VJ136,PK0003436:5,ABLO:PK0003436:5:404,JP1,17:10:00,41,"Monday,Tuesday,Wednesday,Thursday,Friday",136,404-21-404-_-y05-2_1.xml
VJ137,PK0003436:5,ABLO:PK0003436:5:404,JP1,17:10:00,41,"Monday,Tuesday,Wednesday,Thursday,Friday",137,404-21-404-_-y05-2_1.xml
VJ138,PK0003436:5,ABLO:PK0003436:5:404,JP6,17:24:00,46,"Monday,Tuesday,Wednesday,Thursday,Friday",138,404-21-404-_-y05-2_1.xml
VJ139,PK0003436:5,ABLO:PK0003436:5:404,JP6,17:24:00,46,"Monday,Tuesday,Wednesday,Thursday,Friday",139,404-21-404-_-y05-2_1.xml
VJ140,PK0003436:5,ABLO:PK0003436:5:404,JP1,17:40:00,43,"Monday,Tuesday,Wednesday,Thursday,Friday",140,404-21-404-_-y05-2_1.xml
VJ141,PK0003436:5,ABLO:PK0003436:5:404,JP1,17:40:00,43,"Monday,Tuesday,Wednesday,Thursday,Friday",141,404-21-404-_-y05-2_1.xml
VJ142,PK0003436:5,ABLO:PK0003436:5:404,JP6,17:54:00,48,"Monday,Tuesday,Wednesday,Thursday,Friday",142,404-21-404-_-y05-2_1.xml
VJ143,PK0003436:5,ABLO:PK0003436:5:404,JP6,17:54:00,48,"Monday,Tuesday,Wednesday,Thursday,Friday",143,404-21-404-_-y05-2_1.xml
VJ144,PK0003436:5,ABLO:PK0003436:5:404,JP1,18:10:00,45,"Monday,Tuesday,Wednesday,Thursday,Friday",144,404-21-404-_-y05-2_1.xml
VJ145,PK0003436:5,ABLO:PK0003436:5:404,JP1,18:10:00,45,"Monday,Tuesday,Wednesday,Thursday,Friday",145,404-21-404-_-y05-2_1.xml
VJ146,PK0003436:5,ABLO:PK0003436:5:404,JP9,18:25:00,50,"Monday,Tuesday,Wednesday,Thursday,Friday",146,404-21-404-_-y05-2_1.xml
VJ147,PK0003436:5,ABLO:PK0003436:5:404,JP9,18:25:00,50,"Monday,Tuesday,Wednesday,Thursday,Friday",147,404-21-404-_-y05-2_1.xml
VJ148,PK0003436:5,ABLO:PK0003436:5:404,JP1,18:40:00,47,"Monday,Tuesday,Wednesday,Thursday,Friday",148,404-21-404-_-y05-2_1.xml
VJ149,PK0003436:5,ABLO:PK0003436:5:404,JP1,18:40:00,47,"Monday,Tuesday,Wednesday,Thursday,Friday",149,404-21-404-_-y05-2_1.xml
VJ150,PK0003436:5,ABLO:PK0003436:5:404,JP10,18:55:00,52,"Monday,Tuesday,Wednesday,Thursday,Friday",150,404-21-404-_-y05-2_1.xml
VJ151,PK0003436:5,ABLO:PK0003436:5:404,JP10,18:55:00,52,"Monday,Tuesday,Wednesday,Thursday,Friday",151,404-21-404-_-y05-2_1.xml
VJ152,PK0003436:5,ABLO:PK0003436:5:404,JP2,19:10:00,49,"Monday,Tuesday,Wednesday,Thursday,Friday",152,404-21-404-_-y05-2_1.xml
VJ153,PK0003436:5,ABLO:PK0003436:5:404,JP2,19:10:00,49,"Monday,Tuesday,Wednesday,Thursday,Friday",153,404-21-404-_-y05-2_1.xml
VJ154,PK0003436:5,ABLO:PK0003436:5:404,JP15,06:25:00,2,Saturday,154,404-21-404-_-y05-2_1.xml
VJ155,PK0003436:5,ABLO:PK0003436:5:404,JP15,06:55:00,4,Saturday,155,404-21-404-_-y05-2_1.xml
VJ156,PK0003436:5,ABLO:PK0003436:5:404,JP11,07:10:00,1,Saturday,156,404-21-404-_-y05-2_1.xml
VJ157,PK0003436:5,ABLO:PK0003436:5:404,JP15,07:25:00,6,Saturday,157,404-21-404-_-y05-2_1.xml
VJ158,PK0003436:5,ABLO:PK0003436:5:404,JP11,07:40:00,3,Saturday,158,404-21-404-_-y05-2_1.xml
VJ159,PK0003436:5,ABLO:PK0003436:5:404,JP15,07:55:00,8,Saturday,159,404-21-404-_-y05-2_1.xml
VJ160,PK0003436:5,ABLO:PK0003436:5:404,JP12,08:10:00,5,Saturday,160,404-21-404-_-y05-2_1.xml
VJ161,PK0003436:5,ABLO:PK0003436:5:404,JP16,08:25:00,10,Saturday,161,404-21-404-_-y05-2_1.xml
VJ162,PK0003436:5,ABLO:PK0003436:5:404,JP13,08:40:00,7,Saturday,162,404-21-404-_-y05-2_1.xml
VJ163,PK0003436:5,ABLO:PK0003436:5:404,JP16,08:55:00,12,Saturday,163,404-21-404-_-y05-2_1.xml
VJ164,PK0003436:5,ABLO:PK0003436:5:404,JP3,09:10:00,9,Saturday,164,404-21-404-_-y05-2_1.xml
VJ165,PK0003436:5,ABLO:PK0003436:5:404,JP7,09:25:00,14,Saturday,165,404-21-404-_-y05-2_1.xml
VJ166,PK0003436:5,ABLO:PK0003436:5:404,JP3,09:40:00,11,Saturday,166,404-21-404-_-y05-2_1.xml
VJ167,PK0003436:5,ABLO:PK0003436:5:404,JP7,09:55:00,16,Saturday,167,404-21-404-_-y05-2_1.xml
VJ168,PK0003436:5,ABLO:PK0003436:5:404,JP3,10:10:00,13,Saturday,168,404-21-404-_-y05-2_1.xml
VJ169,PK0003436:5,ABLO:PK0003436:5:404,JP7,10:25:00,18,Saturday,169,404-21-404-_-y05-2_1.xml
VJ170,PK0003436:5,ABLO:PK0003436:5:404,JP3,10:40:00,15,Saturday,170,404-21-404-_-y05-2_1.xml
VJ171,PK0003436:5,ABLO:PK0003436:5:404,JP7,10:55:00,20,Saturday,171,404-21-404-_-y05-2_1.xml
VJ172,PK0003436:5,ABLO:PK0003436:5:404,JP3,11:10:00,17,Saturday,172,404-21-404-_-y05-2_1.xml
VJ173,PK0003436:5,ABLO:PK0003436:5:404,JP7,11:25:00,22,Saturday,173,404-21-404-_-y05-2_1.xml
VJ174,PK0003436:5,ABLO:PK0003436:5:404,JP3,11:40:00,19,Saturday,174,404-21-404-_-y05-2_1.xml
VJ175,PK0003436:5,ABLO:PK0003436:5:404,JP7,11:55:00,24,Saturday,175,404-21-404-_-y05-2_1.xml
VJ176,PK0003436:5,ABLO:PK0003436:5:404,JP3,12:10:00,21,Saturday,176,404-21-404-_-y05-2_1.xml
VJ177,PK0003436:5,ABLO:PK0003436:5:404,JP7,12:25:00,26,Saturday,177,404-21-404-_-y05-2_1.xml
VJ178,PK0003436:5,ABLO:PK0003436:5:404,JP3,12:40:00,23,Saturday,178,404-21-404-_-y05-2_1.xml
VJ179,PK0003436:5,ABLO:PK0003436:5:404,JP7,12:55:00,28,Saturday,179,404-21-404-_-y05-2_1.xml
VJ180,PK0003436:5,ABLO:PK0003436:5:404,JP3,13:10:00,25,Saturday,180,404-21-404-_-y05-2_1.xml
VJ181,PK0003436:5,ABLO:PK0003436:5:404,JP7,13:25:00,30,Saturday,181,404-21-404-_-y05-2_1.xml
VJ182,PK0003436:5,ABLO:PK0003436:5:404,JP3,13:40:00,27,Saturday,182,404-21-404-_-y05-2_1.xml
VJ183,PK0003436:5,ABLO:PK0003436:5:404,JP7,13:55:00,32,Saturday,183,404-21-404-_-y05-2_1.xml
VJ184,PK0003436:5,ABLO:PK0003436:5:404,JP3,14:10:00,29,Saturday,184,404-21-404-_-y05-2_1.xml
VJ185,PK0003436:5,ABLO:PK0003436:5:404,JP7,14:25:00,34,Saturday,185,404-21-404-_-y05-2_1.xml
VJ186,PK0003436:5,ABLO:PK0003436:5:404,JP3,14:40:00,31,Saturday,186,404-21-404-_-y05-2_1.xml
VJ187,PK0003436:5,ABLO:PK0003436:5:404,JP7,14:55:00,36,Saturday,187,404-21-404-_-y05-2_1.xml
VJ188,PK0003436:5,ABLO:PK0003436:5:404,JP3,15:10:00,33,Saturday,188,404-21-404-_-y05-2_1.xml
VJ189,PK0003436:5,ABLO:PK0003436:5:404,JP7,15:25:00,38,Saturday,189,404-21-404-_-y05-2_1.xml
VJ190,PK0003436:5,ABLO:PK0003436:5:404,JP3,15:40:00,35,Saturday,190,404-21-404-_-y05-2_1.xml
VJ191,PK0003436:5,ABLO:PK0003436:5:404,JP7,15:55:00,40,Saturday,191,404-21-404-_-y05-2_1.xml
VJ192,PK0003436:5,ABLO:PK0003436:5:404,JP3,16:10:00,37,Saturday,192,404-21-404-_-y05-2_1.xml
VJ193,PK0003436:5,ABLO:PK0003436:5:404,JP7,16:25:00,42,Saturday,193,404-21-404-_-y05-2_1.xml
VJ194,PK0003436:5,ABLO:PK0003436:5:404,JP3,16:40:00,39,Saturday,194,404-21-404-_-y05-2_1.xml
VJ195,PK0003436:5,ABLO:PK0003436:5:404,JP7,16:55:00,44,Saturday,195,404-21-404-_-y05-2_1.xml
VJ196,PK0003436:5,ABLO:PK0003436:5:404,JP3,17:10:00,41,Saturday,196,404-21-404-_-y05-2_1.xml
VJ197,PK0003436:5,ABLO:PK0003436:5:404,JP7,17:25:00,46,Saturday,197,404-21-404-_-y05-2_1.xml
VJ198,PK0003436:5,ABLO:PK0003436:5:404,JP3,17:40:00,43,Saturday,198,404-21-404-_-y05-2_1.xml
VJ199,PK0003436:5,ABLO:PK0003436:5:404,JP7,17:55:00,48,Saturday,199,404-21-404-_-y05-2_1.xml
VJ200,PK0003436:5,ABLO:PK0003436:5:404,JP3,18:10:00,45,Saturday,200,404-21-404-_-y05-2_1.xml
VJ201,PK0003436:5,ABLO:PK0003436:5:404,JP7,18:25:00,50,Saturday,201,404-21-404-_-y05-2_1.xml
VJ202,PK0003436:5,ABLO:PK0003436:5:404,JP3,18:40:00,47,Saturday,202,404-21-404-_-y05-2_1.xml
VJ203,PK0003436:5,ABLO:PK0003436:5:404,JP16,18:55:00,52,Saturday,203,404-21-404-_-y05-2_1.xml
VJ204,PK0003436:5,ABLO:PK0003436:5:404,JP14,19:10:00,49,Saturday,204,404-21-404-_-y05-2_1.xml
VJ_21-404-_-y05-6-1-MFSc,UZ000ABLO:404,ABLO:UZ000ABLO:404:404,JP_21-404-_-y05-6-5-I-1,09:24:00,14,"Monday,Tuesday,Wednesday,Thursday,Friday",82,tfl_21-404-_-y05-6_qyPH39c.xml
VJ_21-404-_-y05-6-2-MFSc,UZ000ABLO:404,ABLO:UZ000ABLO:404:404,JP_21-404-_-y05-6-5-I-1,09:54:00,16,"Monday,Tuesday,Wednesday,Thursday,Friday",83,tfl_21-404-_-y05-6_qyPH39c.xml
VJ_21-404-_-y05-6-3-MFSc,UZ000ABLO:404,ABLO:UZ000ABLO:404:404,JP_21-404-_-y05-6-5-I-1,10:24:00,18,"Monday,Tuesday,Wednesday,Thursday,Friday",84,tfl_21-404-_-y05-6_qyPH39c.xml
VJ_21-404-_-y05-6-4-MFSc,UZ000ABLO:404,ABLO:UZ000ABLO:404:404,JP_21-404-_-y05-6-5-I-1,10:54:00,20,"Monday,Tuesday,Wednesday,Thursday,Friday",85,tfl_21-404-_-y05-6_qyPH39c.xml
VJ_21-404-_-y05-6-5-MFSc,UZ000ABLO:404,ABLO:UZ000ABLO:404:404,JP_21-404-_-y05-6-5-I-1,11:24:00,22,"Monday,Tuesday,Wednesday,Thursday,Friday",86,tfl_21-404-_-y05-6_qyPH39c.xml
VJ_21-404-_-y05-6-6-MFSc,UZ000ABLO:404,ABLO:UZ000ABLO:404:404,JP_21-404-_-y05-6-5-I-1,11:54:00,24,"Monday,Tuesday,Wednesday,Thursday,Friday",87,tfl_21-404-_-y05-6_qyPH39c.xml
VJ_21-404-_-y05-6-7-MFSc,UZ000ABLO:404,ABLO:UZ000ABLO:404:404,JP_21-404-_-y05-6-5-I-1,12:24:00,26,"Monday,Tuesday,Wednesday,Thursday,Friday",88,tfl_21-404-_-y05-6_qyPH39c.xml
VJ_21-404-_-y05-6-8-MFSc,UZ000ABLO:404,ABLO:UZ000ABLO:404:404,JP_21-404-_-y05-6-5-I-1,12:54:00,28,"Monday,Tuesday,Wednesday,Thursday,Friday",89,tfl_21-404-_-y05-6_qyPH39c.xml
VJ_21-404-_-y05-6-9-MFSc,UZ000ABLO:404,ABLO:UZ000ABLO:404:404,JP_21-404-_-y05-6-5-I-1,13:24:00,30,"Monday,Tuesday,Wednesday,Thursday,Friday",90,tfl_21-404-_-y05-6_qyPH39c.xml
VJ_21-404-_-y05-6-10-MFSc,UZ000ABLO:404,ABLO:UZ000ABLO:404:404,JP_21-404-_-y05-6-6-I-1,13:54:00,32,"Monday,Tuesday,Wednesday,Thursday,Friday",91,tfl_21-404-_-y05-6_qyPH39c.xml
VJ_21-404-_-y05-6-11-MFSc,UZ000ABLO:404,ABLO:UZ000ABLO:404:404,JP_21-404-_-y05-6-7-I-1,18:55:00,52,"Monday,Tuesday,Wednesday,Thursday,Friday",101,tfl_21-404-_-y05-6_qyPH39c.xml
VJ_21-404-_-y05-6-12-MFSc,UZ000ABLO:404,ABLO:UZ000ABLO:404:404,JP_21-404-_-y05-6-8-I-1,06:25:00,2,"Monday,Tuesday,Wednesday,Thursday,Friday",76,tfl_21-404-_-y05-6_qyPH39c.xml
VJ_21-404-_-y05-6-13-MFSc,UZ000ABLO:404,ABLO:UZ000ABLO:404:404,JP_21-404-_-y05-6-8-I-1,08:54:00,12,"Monday,Tuesday,Wednesday,Thursday,Friday",81,tfl_21-404-_-y05-6_qyPH39c.xml
VJ_21-404-_-y05-6-14-MFSc,UZ000ABLO:404,ABLO:UZ000ABLO:404:404,JP_21-404-_-y05-6-9-I-1,18:25:00,50,"Monday,Tuesday,Wednesday,Thursday,Friday",100,tfl_21-404-_-y05-6_qyPH39c.xml
VJ_21-404-_-y05-6-15-MFSc,UZ000ABLO:404,ABLO:UZ000ABLO:404:404,JP_21-404-_-y05-6-10-I-1,06:54:00,4,"Monday,Tuesday,Wednesday,Thursday,Friday",77,tfl_21-404-_-y05-6_qyPH39c.xml
VJ_21-404-_-y05-6-16-MFSc,UZ000ABLO:404,ABLO:UZ000ABLO:404:404,JP_21-404-_-y05-6-10-I-1,07:24:00,6,"Monday,Tuesday,Wednesday,Thursday,Friday",78,tfl_21-404-_-y05-6_qyPH39c.xml
VJ_21-404-_-y05-6-17-MFSc,UZ000ABLO:404,ABLO:UZ000ABLO:404:404,JP_21-404-_-y05-6-10-I-1,07:54:00,8,"Monday,Tuesday,Wednesday,Thursday,Friday",79,tfl_21-404-_-y05-6_qyPH39c.xml
VJ_21-404-_-y05-6-18-MFSc,UZ000ABLO:404,ABLO:UZ000ABLO:404:404,JP_21-404-_-y05-6-10-I-1,08:24:00,10,"Monday,Tuesday,Wednesday,Thursday,Friday",80,tfl_21-404-_-y05-6_qyPH39c.xml
VJ_21-404-_-y05-6-19-MFSc,UZ000ABLO:404,ABLO:UZ000ABLO:404:404,JP_21-404-_-y05-6-10-I-1,14:24:00,34,"Monday,Tuesday,Wednesday,Thursday,Friday",92,tfl_21-404-_-y05-6_qyPH39c.xml
VJ_21-404-_-y05-6-20-MFSc,UZ000ABLO:404,ABLO:UZ000ABLO:404:404,JP_21-404-_-y05-6-10-I-1,14:54:00,36,"Monday,Tuesday,Wednesday,Thursday,Friday",93,tfl_21-404-_-y05-6_qyPH39c.xml
VJ_21-404-_-y05-6-21-MFSc,UZ000ABLO:404,ABLO:UZ000ABLO:404:404,JP_21-404-_-y05-6-10-I-1,15:24:00,38,"Monday,Tuesday,Wednesday,Thursday,Friday",94,tfl_21-404-_-y05-6_qyPH39c.xml
VJ_21-404-_-y05-6-22-MFSc,UZ000ABLO:404,ABLO:UZ000ABLO:404:404,JP_21-404-_-y05-6-10-I-1,15:54:00,40,"Monday,Tuesday,Wednesday,Thursday,Friday",95,tfl_21-404-_-y05-6_qyPH39c.xml
VJ_21-404-_-y05-6-23-MFSc,UZ000ABLO:404,ABLO:UZ000ABLO:404:404,JP_21-404-_-y05-6-10-I-1,16:24:00,42,"Monday,Tuesday,Wednesday,Thursday,Friday",96,tfl_21-404-_-y05-6_qyPH39c.xml
VJ_21-404-_-y05-6-24-MFSc,UZ000ABLO:404,ABLO:UZ000ABLO:404:404,JP_21-404-_-y05-6-10-I-1,16:54:00,44,"Monday,Tuesday,Wednesday,Thursday,Friday",97,tfl_21-404-_-y05-6_qyPH39c.xml
VJ_21-404-_-y05-6-25-MFSc,UZ000ABLO:404,ABLO:UZ000ABLO:404:404,JP_21-404-_-y05-6-10-I-1,17:24:00,46,"Monday,Tuesday,Wednesday,Thursday,Friday",98,tfl_21-404-_-y05-6_qyPH39c.xml
VJ_21-404-_-y05-6-26-MFSc,UZ000ABLO:404,ABLO:UZ000ABLO:404:404,JP_21-404-_-y05-6-10-I-1,17:54:00,48,"Monday,Tuesday,Wednesday,Thursday,Friday",99,tfl_21-404-_-y05-6_qyPH39c.xml
VJ_21-404-_-y05-6-27-MFSc,UZ000ABLO:404,ABLO:UZ000ABLO:404:404,JP_21-404-_-y05-6-6-O-2,09:40:00,11,"Monday,Tuesday,Wednesday,Thursday,Friday",6,tfl_21-404-_-y05-6_qyPH39c.xml
VJ_21-404-_-y05-6-28-MFSc,UZ000ABLO:404,ABLO:UZ000ABLO:404:404,JP_21-404-_-y05-6-6-O-2,10:10:00,13,"Monday,Tuesday,Wednesday,Thursday,Friday",7,tfl_21-404-_-y05-6_qyPH39c.xml
VJ_21-404-_-y05-6-29-MFSc,UZ000ABLO:404,ABLO:UZ000ABLO:404:404,JP_21-404-_-y05-6-6-O-2,10:40:00,15,"Monday,Tuesday,Wednesday,Thursday,Friday",8,tfl_21-404-_-y05-6_qyPH39c.xml
VJ_21-404-_-y05-6-30-MFSc,UZ000ABLO:404,ABLO:UZ000ABLO:404:404,JP_21-404-_-y05-6-6-O-2,11:10:00,17,"Monday,Tuesday,Wednesday,Thursday,Friday",9,tfl_21-404-_-y05-6_qyPH39c.xml
VJ_21-404-_-y05-6-31-MFSc,UZ000ABLO:404,ABLO:UZ000ABLO:404:404,JP_21-404-_-y05-6-6-O-2,11:40:00,19,"Monday,Tuesday,Wednesday,Thursday,Friday",10,tfl_21-404-_-y05-6_qyPH39c.xml
VJ_21-404-_-y05-6-32-MFSc,UZ000ABLO:404,ABLO:UZ000ABLO:404:404,JP_21-404-_-y05-6-6-O-2,12:10:00,21,"Monday,Tuesday,Wednesday,Thursday,Friday",11,tfl_21-404-_-y05-6_qyPH39c.xml
VJ_21-404-_-y05-6-33-MFSc,UZ000ABLO:404,ABLO:UZ000ABLO:404:404,JP_21-404-_-y05-6-6-O-2,12:40:00,23,"Monday,Tuesday,Wednesday,Thursday,Friday",12,tfl_21-404-_-y05-6_qyPH39c.xml
VJ_21-404-_-y05-6-34-MFSc,UZ000ABLO:404,ABLO:UZ000ABLO:404:404,JP_21-404-_-y05-6-6-O-2,13:10:00,25,"Monday,Tuesday,Wednesday,Thursday,Friday",13,tfl_21-404-_-y05-6_qyPH39c.xml
VJ_21-404-_-y05-6-35-MFSc,UZ000ABLO:404,ABLO:UZ000ABLO:404:404,JP_21-404-_-y05-6-6-O-2,13:40:00,27,"Monday,Tuesday,Wednesday,Thursday,Friday",14,tfl_21-404-_-y05-6_qyPH39c.xml
VJ_21-404-_-y05-6-36-MFSc,UZ000ABLO:404,ABLO:UZ000ABLO:404:404,JP_21-404-_-y05-6-7-O-2,14:10:00,29,"Monday,Tuesday,Wednesday,Thursday,Friday",15,tfl_21-404-_-y05-6_qyPH39c.xml
VJ_21-404-_-y05-6-37-MFSc,UZ000ABLO:404,ABLO:UZ000ABLO:404:404,JP_21-404-_-y05-6-8-O-2,09:10:00,9,"Monday,Tuesday,Wednesday,Thursday,Friday",5,tfl_21-404-_-y05-6_qyPH39c.xml
VJ_21-404-_-y05-6-38-MFSc,UZ000ABLO:404,ABLO:UZ000ABLO:404:404,JP_21-404-_-y05-6-8-O-2,19:10:00,49,"Monday,Tuesday,Wednesday,Thursday,Friday",25,tfl_21-404-_-y05-6_qyPH39c.xml
VJ_21-404-_-y05-6-39-MFSc,UZ000ABLO:404,ABLO:UZ000ABLO:404:404,JP_21-404-_-y05-6-9-O-2,07:10:00,1,"Monday,Tuesday,Wednesday,Thursday,Friday",1,tfl_21-404-_-y05-6_qyPH39c.xml
VJ_21-404-_-y05-6-40-MFSc,UZ000ABLO:404,ABLO:UZ000ABLO:404:404,JP_21-404-_-y05-6-9-O-2,07:40:00,3,"Monday,Tuesday,Wednesday,Thursday,Friday",2,tfl_21-404-_-y05-6_qyPH39c.xml
VJ_21-404-_-y05-6-41-MFSc,UZ000ABLO:404,ABLO:UZ000ABLO:404:404,JP_21-404-_-y05-6-9-O-2,08:10:00,5,"Monday,Tuesday,Wednesday,Thursday,Friday",3,tfl_21-404-_-y05-6_qyPH39c.xml
VJ_21-404-_-y05-6-42-MFSc,UZ000ABLO:404,ABLO:UZ000ABLO:404:404,JP_21-404-_-y05-6-9-O-2,08:40:00,7,"Monday,Tuesday,Wednesday,Thursday,Friday",4,tfl_21-404-_-y05-6_qyPH39c.xml
VJ_21-404-_-y05-6-43-MFSc,UZ000ABLO:404,ABLO:UZ000ABLO:404:404,JP_21-404-_-y05-6-9-O-2,14:40:00,31,"Monday,Tuesday,Wednesday,Thursday,Friday",16,tfl_21-404-_-y05-6_qyPH39c.xml
VJ_21-404-_-y05-6-44-MFSc,UZ000ABLO:404,ABLO:UZ000ABLO:404:404,JP_21-404-_-y05-6-9-O-2,15:10:00,33,"Monday,Tuesday,Wednesday,Thursday,Friday",17,tfl_21-404-_-y05-6_qyPH39c.xml
VJ_21-404-_-y05-6-45-MFSc,UZ000ABLO:404,ABLO:UZ000ABLO:404:404,JP_21-404-_-y05-6-9-O-2,15:40:00,35,"Monday,Tuesday,Wednesday,Thursday,Friday",18,tfl_21-404-_-y05-6_qyPH39c.xml
VJ_21-404-_-y05-6-46-MFSc,UZ000ABLO:404,ABLO:UZ000ABLO:404:404,JP_21-404-_-y05-6-9-O-2,16:10:00,37,"Monday,Tuesday,Wednesday,Thursday,Friday",19,tfl_21-404-_-y05-6_qyPH39c.xml
VJ_21-404-_-y05-6-47-MFSc,UZ000ABLO:404,ABLO:UZ000ABLO:404:404,JP_21-404-_-y05-6-9-O-2,16:40:00,39,"Monday,Tuesday,Wednesday,Thursday,Friday",20,tfl_21-404-_-y05-6_qyPH39c.xml
VJ_21-404-_-y05-6-48-MFSc,UZ000ABLO:404,ABLO:UZ000ABLO:404:404,JP_21-404-_-y05-6-9-O-2,17:10:00,41,"Monday,Tuesday,Wednesday,Thursday,Friday",21,tfl_21-404-_-y05-6_qyPH39c.xml
VJ_21-404-_-y05-6-49-MFSc,UZ000ABLO:404,ABLO:UZ000ABLO:404:404,JP_21-404-_-y05-6-9-O-2,17:40:00,43,"Monday,Tuesday,Wednesday,Thursday,Friday",22,tfl_21-404-_-y05-6_qyPH39c.xml
VJ_21-404-_-y05-6-50-MFSc,UZ000ABLO:404,ABLO:UZ000ABLO:404:404,JP_21-404-_-y05-6-9-O-2,18:10:00,45,"Monday,Tuesday,Wednesday,Thursday,Friday",23,tfl_21-404-_-y05-6_qyPH39c.xml
VJ_21-404-_-y05-6-51-MFSc,UZ000ABLO:404,ABLO:UZ000ABLO:404:404,JP_21-404-_-y05-6-9-O-2,18:40:00,47,"Monday,Tuesday,Wednesday,Thursday,Friday",24,tfl_21-404-_-y05-6_qyPH39c.xml
VJ_21-404-_-y05-6-1-Sa,UZ000ABLO:404,ABLO:UZ000ABLO:404:404,JP_21-404-_-y05-6-1-I-1,06:25:00,2,Saturday,102,tfl_21-404-_-y05-6_qyPH39c.xml
VJ_21-404-_-y05-6-2-Sa,UZ000ABLO:404,ABLO:UZ000ABLO:404:404,JP_21-404-_-y05-6-1-I-1,06:55:00,4,Saturday,103,tfl_21-404-_-y05-6_qyPH39c.xml
VJ_21-404-_-y05-6-3-Sa,UZ000ABLO:404,ABLO:UZ000ABLO:404:404,JP_21-404-_-y05-6-1-I-1,07:25:00,6,Saturday,104,tfl_21-404-_-y05-6_qyPH39c.xml
VJ_21-404-_-y05-6-4-Sa,UZ000ABLO:404,ABLO:UZ000ABLO:404:404,JP_21-404-_-y05-6-1-I-1,07:55:00,8,Saturday,105,tfl_21-404-_-y05-6_qyPH39c.xml
VJ_21-404-_-y05-6-5-Sa,UZ000ABLO:404,ABLO:UZ000ABLO:404:404,JP_21-404-_-y05-6-4-I-1,08:25:00,10,Saturday,106,tfl_21-404-_-y05-6_qyPH39c.xml
VJ_21-404-_-y05-6-6-Sa,UZ000ABLO:404,ABLO:UZ000ABLO:404:404,JP_21-404-_-y05-6-4-I-1,08:55:00,12,Saturday,107,tfl_21-404-_-y05-6_qyPH39c.xml
VJ_21-404-_-y05-6-7-Sa,UZ000ABLO:404,ABLO:UZ000ABLO:404:404,JP_21-404-_-y05-6-4-I-1,18:55:00,52,Saturday,127,tfl_21-404-_-y05-6_qyPH39c.xml
VJ_21-404-_-y05-6-8-Sa,UZ000ABLO:404,ABLO:UZ000ABLO:404:404,JP_21-404-_-y05-6-5-I-1,09:25:00,14,Saturday,108,tfl_21-404-_-y05-6_qyPH39c.xml
VJ_21-404-_-y05-6-9-Sa,UZ000ABLO:404,ABLO:UZ000ABLO:404:404,JP_21-404-_-y05-6-5-I-1,09:55:00,16,Saturday,109,tfl_21-404-_-y05-6_qyPH39c.xml
VJ_21-404-_-y05-6-10-Sa,UZ000ABLO:404,ABLO:UZ000ABLO:404:404,JP_21-404-_-y05-6-5-I-1,10:25:00,18,Saturday,110,tfl_21-404-_-y05-6_qyPH39c.xml
VJ_21-404-_-y05-6-11-Sa,UZ000ABLO:404,ABLO:UZ000ABLO:404:404,JP_21-404-_-y05-6-5-I-1,10:55:00,20,Saturday,111,tfl_21-404-_-y05-6_qyPH39c.xml
VJ_21-404-_-y05-6-12-Sa,UZ000ABLO:404,ABLO:UZ000ABLO:404:404,JP_21-404-_-y05-6-5-I-1,11:25:00,22,Saturday,112,tfl_21-404-_-y05-6_qyPH39c.xml
VJ_21-404-_-y05-6-13-Sa,UZ000ABLO:404,ABLO:UZ000ABLO:404:404,JP_21-404-_-y05-6-5-I-1,11:55:00,24,Saturday,113,tfl_21-404-_-y05-6_qyPH39c.xml
VJ_21-404-_-y05-6-14-Sa,UZ000ABLO:404,ABLO:UZ000ABLO:404:404,JP_21-404-_-y05-6-5-I-1,12:25:00,26,Saturday,114,tfl_21-404-_-y05-6_qyPH39c.xml
VJ_21-404-_-y05-6-15-Sa,UZ000ABLO:404,ABLO:UZ000ABLO:404:404,JP_21-404-_-y05-6-5-I-1,12:55:00,28,Saturday,115,tfl_21-404-_-y05-6_qyPH39c.xml
VJ_21-404-_-y05-6-16-Sa,UZ000ABLO:404,ABLO:UZ000ABLO:404:404,JP_21-404-_-y05-6-5-I-1,13:25:00,30,Saturday,116,tfl_21-404-_-y05-6_qyPH39c.xml
VJ_21-404-_-y05-6-17-Sa,UZ000ABLO:404,ABLO:UZ000ABLO:404:404,JP_21-404-_-y05-6-5-I-1,13:55:00,32,Saturday,117,tfl_21-404-_-y05-6_qyPH39c.xml
VJ_21-404-_-y05-6-18-Sa,UZ000ABLO:404,ABLO:UZ000ABLO:404:404,JP_21-404-_-y05-6-5-I-1,14:25:00,34,Saturday,118,tfl_21-404-_-y05-6_qyPH39c.xml
VJ_21-404-_-y05-6-19-Sa,UZ000ABLO:404,ABLO:UZ000ABLO:404:404,JP_21-404-_-y05-6-5-I-1,14:55:00,36,Saturday,119,tfl_21-404-_-y05-6_qyPH39c.xml
VJ_21-404-_-y05-6-20-Sa,UZ000ABLO:404,ABLO:UZ000ABLO:404:404,JP_21-404-_-y05-6-5-I-1,15:25:00,38,Saturday,120,tfl_21-404-_-y05-6_qyPH39c.xml
VJ_21-404-_-y05-6-21-Sa,UZ000ABLO:404,ABLO:UZ000ABLO:404:404,JP_21-404-_-y05-6-5-I-1,15:55:00,40,Saturday,121,tfl_21-404-_-y05-6_qyPH39c.xml
VJ_21-404-_-y05-6-22-Sa,UZ000ABLO:404,ABLO:UZ000ABLO:404:404,JP_21-404-_-y05-6-5-I-1,16:25:00,42,Saturday,122,tfl_21-404-_-y05-6_qyPH39c.xml
VJ_21-404-_-y05-6-23-Sa,UZ000ABLO:404,ABLO:UZ000ABLO:404:404,JP_21-404-_-y05-6-5-I-1,16:55:00,44,Saturday,123,tfl_21-404-_-y05-6_qyPH39c.xml
VJ_21-404-_-y05-6-24-Sa,UZ000ABLO:404,ABLO:UZ000ABLO:404:404,JP_21-404-_-y05-6-5-I-1,17:25:00,46,Saturday,124,tfl_21-404-_-y05-6_qyPH39c.xml
VJ_21-404-_-y05-6-25-Sa,UZ000ABLO:404,ABLO:UZ000ABLO:404:404,JP_21-404-_-y05-6-5-I-1,17:55:00,48,Saturday,125,tfl_21-404-_-y05-6_qyPH39c.xml
VJ_21-404-_-y05-6-26-Sa,UZ000ABLO:404,ABLO:UZ000ABLO:404:404,JP_21-404-_-y05-6-5-I-1,18:25:00,50,Saturday,126,tfl_21-404-_-y05-6_qyPH39c.xml
VJ_21-404-_-y05-6-27-Sa,UZ000ABLO:404,ABLO:UZ000ABLO:404:404,JP_21-404-_-y05-6-1-O-2,07:10:00,1,Saturday,26,tfl_21-404-_-y05-6_qyPH39c.xml
VJ_21-404-_-y05-6-28-Sa,UZ000ABLO:404,ABLO:UZ000ABLO:404:404,JP_21-404-_-y05-6-1-O-2,07:40:00,3,Saturday,27,tfl_21-404-_-y05-6_qyPH39c.xml
VJ_21-404-_-y05-6-29-Sa,UZ000ABLO:404,ABLO:UZ000ABLO:404:404,JP_21-404-_-y05-6-2-O-2,08:10:00,5,Saturday,28,tfl_21-404-_-y05-6_qyPH39c.xml
VJ_21-404-_-y05-6-30-Sa,UZ000ABLO:404,ABLO:UZ000ABLO:404:404,JP_21-404-_-y05-6-4-O-2,19:10:00,49,Saturday,50,tfl_21-404-_-y05-6_qyPH39c.xml
VJ_21-404-_-y05-6-31-Sa,UZ000ABLO:404,ABLO:UZ000ABLO:404:404,JP_21-404-_-y05-6-5-O-2,08:40:00,7,Saturday,29,tfl_21-404-_-y05-6_qyPH39c.xml
VJ_21-404-_-y05-6-32-Sa,UZ000ABLO:404,ABLO:UZ000ABLO:404:404,JP_21-404-_-y05-6-6-O-2,09:10:00,9,Saturday,30,tfl_21-404-_-y05-6_qyPH39c.xml
VJ_21-404-_-y05-6-33-Sa,UZ000ABLO:404,ABLO:UZ000ABLO:404:404,JP_21-404-_-y05-6-6-O-2,09:40:00,11,Saturday,31,tfl_21-404-_-y05-6_qyPH39c.xml
VJ_21-404-_-y05-6-34-Sa,UZ000ABLO:404,ABLO:UZ000ABLO:404:404,JP_21-404-_-y05-6-6-O-2,10:10:00,13,Saturday,32,tfl_21-404-_-y05-6_qyPH39c.xml
VJ_21-404-_-y05-6-35-Sa,UZ000ABLO:404,ABLO:UZ000ABLO:404:404,JP_21-404-_-y05-6-6-O-2,10:40:00,15,Saturday,33,tfl_21-404-_-y05-6_qyPH39c.xml
VJ_21-404-_-y05-6-36-Sa,UZ000ABLO:404,ABLO:UZ000ABLO:404:404,JP_21-404-_-y05-6-6-O-2,11:10:00,17,Saturday,34,tfl_21-404-_-y05-6_qyPH39c.xml
VJ_21-404-_-y05-6-37-Sa,UZ000ABLO:404,ABLO:UZ000ABLO:404:404,JP_21-404-_-y05-6-6-O-2,11:40:00,19,Saturday,35,tfl_21-404-_-y05-6_qyPH39c.xml
VJ_21-404-_-y05-6-38-Sa,UZ000ABLO:404,ABLO:UZ000ABLO:404:404,JP_21-404-_-y05-6-6-O-2,12:10:00,21,Saturday,36,tfl_21-404-_-y05-6_qyPH39c.xml
VJ_21-404-_-y05-6-39-Sa,UZ000ABLO:404,ABLO:UZ000ABLO:404:404,JP_21-404-_-y05-6-6-O-2,12:40:00,23,Saturday,37,tfl_21-404-_-y05-6_qyPH39c.xml
VJ_21-404-_-y05-6-40-Sa,UZ000ABLO:404,ABLO:UZ000ABLO:404:404,JP_21-404-_-y05-6-6-O-2,13:10:00,25,Saturday,38,tfl_21-404-_-y05-6_qyPH39c.xml
VJ_21-404-_-y05-6-41-Sa,UZ000ABLO:404,ABLO:UZ000ABLO:404:404,JP_21-404-_-y05-6-6-O-2,13:40:00,27,Saturday,39,tfl_21-404-_-y05-6_qyPH39c.xml
VJ_21-404-_-y05-6-42-Sa,UZ000ABLO:404,ABLO:UZ000ABLO:404:404,JP_21-404-_-y05-6-6-O-2,14:10:00,29,Saturday,40,tfl_21-404-_-y05-6_qyPH39c.xml
VJ_21-404-_-y05-6-43-Sa,UZ000ABLO:404,ABLO:UZ000ABLO:404:404,JP_21-404-_-y05-6-6-O-2,14:40:00,31,Saturday,41,tfl_21-404-_-y05-6_qyPH39c.xml
VJ_21-404-_-y05-6-44-Sa,UZ000ABLO:404,ABLO:UZ000ABLO:404:404,JP_21-404-_-y05-6-6-O-2,15:10:00,33,Saturday,42,tfl_21-404-_-y05-6_qyPH39c.xml
VJ_21-404-_-y05-6-45-Sa,UZ000ABLO:404,ABLO:UZ000ABLO:404:404,JP_21-404-_-y05-6-6-O-2,15:40:00,35,Saturday,43,tfl_21-404-_-y05-6_qyPH39c.xml
VJ_21-404-_-y05-6-46-Sa,UZ000ABLO:404,ABLO:UZ000ABLO:404:404,JP_21-404-_-y05-6-6-O-2,16:10:00,37,Saturday,44,tfl_21-404-_-y05-6_qyPH39c.xml
VJ_21-404-_-y05-6-47-Sa,UZ000ABLO:404,ABLO:UZ000ABLO:404:404,JP_21-404-_-y05-6-6-O-2,16:40:00,39,Saturday,45,tfl_21-404-_-y05-6_qyPH39c.xml
VJ_21-404-_-y05-6-48-Sa,UZ000ABLO:404,ABLO:UZ000ABLO:404:404,JP_21-404-_-y05-6-6-O-2,17:10:00,41,Saturday,46,tfl_21-404-_-y05-6_qyPH39c.xml
VJ_21-404-_-y05-6-49-Sa,UZ000ABLO:404,ABLO:UZ000ABLO:404:404,JP_21-404-_-y05-6-6-O-2,17:40:00,43,Saturday,47,tfl_21-404-_-y05-6_qyPH39c.xml
VJ_21-404-_-y05-6-50-Sa,UZ000ABLO:404,ABLO:UZ000ABLO:404:404,JP_21-404-_-y05-6-6-O-2,18:10:00,45,Saturday,48,tfl_21-404-_-y05-6_qyPH39c.xml
VJ_21-404-_-y05-6-51-Sa,UZ000ABLO:404,ABLO:UZ000ABLO:404:404,JP_21-404-_-y05-6-6-O-2,18:40:00,47,Saturday,49,tfl_21-404-_-y05-6_qyPH39c.xml
VJ_21-404-_-y05-6-1-Su,UZ000ABLO:404,ABLO:UZ000ABLO:404:404,JP_21-404-_-y05-6-1-I-1,06:25:00,2,Sunday,128,tfl_21-404-_-y05-6_qyPH39c.xml
VJ_21-404-_-y05-6-2-Su,UZ000ABLO:404,ABLO:UZ000ABLO:404:404,JP_21-404-_-y05-6-1-I-1,06:55:00,4,Sunday,129,tfl_21-404-_-y05-6_qyPH39c.xml
VJ_21-404-_-y05-6-3-Su,UZ000ABLO:404,ABLO:UZ000ABLO:404:404,JP_21-404-_-y05-6-1-I-1,07:25:00,6,Sunday,130,tfl_21-404-_-y05-6_qyPH39c.xml
VJ_21-404-_-y05-6-4-Su,UZ000ABLO:404,ABLO:UZ000ABLO:404:404,JP_21-404-_-y05-6-1-I-1,07:55:00,8,Sunday,131,tfl_21-404-_-y05-6_qyPH39c.xml
VJ_21-404-_-y05-6-5-Su,UZ000ABLO:404,ABLO:UZ000ABLO:404:404,JP_21-404-_-y05-6-1-I-1,18:25:00,50,Sunday,152,tfl_21-404-_-y05-6_qyPH39c.xml
VJ_21-404-_-y05-6-6-Su,UZ000ABLO:404,ABLO:UZ000ABLO:404:404,JP_21-404-_-y05-6-1-I-1,18:55:00,52,Sunday,153,tfl_21-404-_-y05-6_qyPH39c.xml
VJ_21-404-_-y05-6-7-Su,UZ000ABLO:404,ABLO:UZ000ABLO:404:404,JP_21-404-_-y05-6-2-I-1,08:25:00,10,Sunday,132,tfl_21-404-_-y05-6_qyPH39c.xml
VJ_21-404-_-y05-6-8-Su,UZ000ABLO:404,ABLO:UZ000ABLO:404:404,JP_21-404-_-y05-6-2-I-1,08:55:00,12,Sunday,133,tfl_21-404-_-y05-6_qyPH39c.xml
VJ_21-404-_-y05-6-9-Su,UZ000ABLO:404,ABLO:UZ000ABLO:404:404,JP_21-404-_-y05-6-3-I-1,17:55:00,48,Sunday,151,tfl_21-404-_-y05-6_qyPH39c.xml
VJ_21-404-_-y05-6-12-Su,UZ000ABLO:404,ABLO:UZ000ABLO:404:404,JP_21-404-_-y05-6-4-I-1,16:55:00,44,Sunday,149,tfl_21-404-_-y05-6_qyPH39c.xml
VJ_21-404-_-y05-6-13-Su,UZ000ABLO:404,ABLO:UZ000ABLO:404:404,JP_21-404-_-y05-6-4-I-1,17:25:00,46,Sunday,150,tfl_21-404-_-y05-6_qyPH39c.xml
VJ_21-404-_-y05-6-17-Su,UZ000ABLO:404,ABLO:UZ000ABLO:404:404,JP_21-404-_-y05-6-5-I-1,09:25:00,14,Sunday,134,tfl_21-404-_-y05-6_qyPH39c.xml
VJ_21-404-_-y05-6-20-Su,UZ000ABLO:404,ABLO:UZ000ABLO:404:404,JP_21-404-_-y05-6-5-I-1,09:55:00,16,Sunday,135,tfl_21-404-_-y05-6_qyPH39c.xml
VJ_21-404-_-y05-6-23-Su,UZ000ABLO:404,ABLO:UZ000ABLO:404:404,JP_21-404-_-y05-6-5-I-1,10:25:00,18,Sunday,136,tfl_21-404-_-y05-6_qyPH39c.xml
VJ_21-404-_-y05-6-26-Su,UZ000ABLO:404,ABLO:UZ000ABLO:404:404,JP_21-404-_-y05-6-5-I-1,10:55:00,20,Sunday,137,tfl_21-404-_-y05-6_qyPH39c.xml
VJ_21-404-_-y05-6-29-Su,UZ000ABLO:404,ABLO:UZ000ABLO:404:404,JP_21-404-_-y05-6-5-I-1,11:25:00,22,Sunday,138,tfl_21-404-_-y05-6_qyPH39c.xml
VJ_21-404-_-y05-6-32-Su,UZ000ABLO:404,ABLO:UZ000ABLO:404:404,JP_21-404-_-y05-6-5-I-1,11:55:00,24,Sunday,139,tfl_21-404-_-y05-6_qyPH39c.xml
VJ_21-404-_-y05-6-35-Su,UZ000ABLO:404,ABLO:UZ000ABLO:404:404,JP_21-404-_-y05-6-5-I-1,12:25:00,26,Sunday,140,tfl_21-404-_-y05-6_qyPH39c.xml
VJ_21-404-_-y05-6-38-Su,UZ000ABLO:404,ABLO:UZ000ABLO:404:404,JP_21-404-_-y05-6-5-I-1,12:55:00,28,Sunday,141,tfl_21-404-_-y05-6_qyPH39c.xml
VJ_21-404-_-y05-6-41-Su,UZ000ABLO:404,ABLO:UZ000ABLO:404:404,JP_21-404-_-y05-6-5-I-1,13:25:00,30,Sunday,142,tfl_21-404-_-y05-6_qyPH39c.xml
VJ_21-404-_-y05-6-42-Su,UZ000ABLO:404,ABLO:UZ000ABLO:404:404,JP_21-404-_-y05-6-5-I-1,13:55:00,32,Sunday,143,tfl_21-404-_-y05-6_qyPH39c.xml
VJ_21-404-_-y05-6-43-Su,UZ000ABLO:404,ABLO:UZ000ABLO:404:404,JP_21-404-_-y05-6-5-I-1,14:25:00,34,Sunday,144,tfl_21-404-_-y05-6_qyPH39c.xml
VJ_21-404-_-y05-6-44-Su,UZ000ABLO:404,ABLO:UZ000ABLO:404:404,JP_21-404-_-y05-6-5-I-1,14:55:00,36,Sunday,145,tfl_21-404-_-y05-6_qyPH39c.xml
VJ_21-404-_-y05-6-45-Su,UZ000ABLO:404,ABLO:UZ000ABLO:404:404,JP_21-404-_-y05-6-5-I-1,15:25:00,38,Sunday,146,tfl_21-404-_-y05-6_qyPH39c.xml
VJ_21-404-_-y05-6-46-Su,UZ000ABLO:404,ABLO:UZ000ABLO:404:404,JP_21-404-_-y05-6-5-I-1,15:55:00,40,Sunday,147,tfl_21-404-_-y05-6_qyPH39c.xml
VJ_21-404-_-y05-6-47-Su,UZ000ABLO:404,ABLO:UZ000ABLO:404:404,JP_21-404-_-y05-6-5-I-1,16:25:00,42,Sunday,148,tfl_21-404-_-y05-6_qyPH39c.xml
VJ_21-404-_-y05-6-86-Su,UZ000ABLO:404,ABLO:UZ000ABLO:404:404,JP_21-404-_-y05-6-1-O-2,07:10:00,1,Sunday,51,tfl_21-404-_-y05-6_qyPH39c.xml
VJ_21-404-_-y05-6-87-Su,UZ000ABLO:404,ABLO:UZ000ABLO:404:404,JP_21-404-_-y05-6-1-O-2,07:40:00,3,Sunday,52,tfl_21-404-_-y05-6_qyPH39c.xml
VJ_21-404-_-y05-6-88-Su,UZ000ABLO:404,ABLO:UZ000ABLO:404:404,JP_21-404-_-y05-6-1-O-2,08:10:00,5,Sunday,53,tfl_21-404-_-y05-6_qyPH39c.xml
VJ_21-404-_-y05-6-89-Su,UZ000ABLO:404,ABLO:UZ000ABLO:404:404,JP_21-404-_-y05-6-1-O-2,08:40:00,7,Sunday,54,tfl_21-404-_-y05-6_qyPH39c.xml
VJ_21-404-_-y05-6-90-Su,UZ000ABLO:404,ABLO:UZ000ABLO:404:404,JP_21-404-_-y05-6-1-O-2,18:10:00,45,Sunday,73,tfl_21-404-_-y05-6_qyPH39c.xml
VJ_21-404-_-y05-6-91-Su,UZ000ABLO:404,ABLO:UZ000ABLO:404:404,JP_21-404-_-y05-6-1-O-2,18:40:00,47,Sunday,74,tfl_21-404-_-y05-6_qyPH39c.xml
VJ_21-404-_-y05-6-92-Su,UZ000ABLO:404,ABLO:UZ000ABLO:404:404,JP_21-404-_-y05-6-1-O-2,19:10:00,49,Sunday,75,tfl_21-404-_-y05-6_qyPH39c.xml
VJ_21-404-_-y05-6-94-Su,UZ000ABLO:404,ABLO:UZ000ABLO:404:404,JP_21-404-_-y05-6-2-O-2,09:10:00,9,Sunday,55,tfl_21-404-_-y05-6_qyPH39c.xml
VJ_21-404-_-y05-6-95-Su,UZ000ABLO:404,ABLO:UZ000ABLO:404:404,JP_21-404-_-y05-6-3-O-2,17:40:00,43,Sunday,72,tfl_21-404-_-y05-6_qyPH39c.xml
VJ_21-404-_-y05-6-96-Su,UZ000ABLO:404,ABLO:UZ000ABLO:404:404,JP_21-404-_-y05-6-4-O-2,17:10:00,41,Sunday,71,tfl_21-404-_-y05-6_qyPH39c.xml
VJ_21-404-_-y05-6-99-Su,UZ000ABLO:404,ABLO:UZ000ABLO:404:404,JP_21-404-_-y05-6-5-O-2,09:40:00,11,Sunday,56,tfl_21-404-_-y05-6_qyPH39c.xml
VJ_21-404-_-y05-6-103-Su,UZ000ABLO:404,ABLO:UZ000ABLO:404:404,JP_21-404-_-y05-6-6-O-2,10:10:00,13,Sunday,57,tfl_21-404-_-y05-6_qyPH39c.xml
VJ_21-404-_-y05-6-105-Su,UZ000ABLO:404,ABLO:UZ000ABLO:404:404,JP_21-404-_-y05-6-6-O-2,10:40:00,15,Sunday,58,tfl_21-404-_-y05-6_qyPH39c.xml
VJ_21-404-_-y05-6-107-Su,UZ000ABLO:404,ABLO:UZ000ABLO:404:404,JP_21-404-_-y05-6-6-O-2,11:10:00,17,Sunday,59,tfl_21-404-_-y05-6_qyPH39c.xml
VJ_21-404-_-y05-6-109-Su,UZ000ABLO:404,ABLO:UZ000ABLO:404:404,JP_21-404-_-y05-6-6-O-2,11:40:00,19,Sunday,60,tfl_21-404-_-y05-6_qyPH39c.xml
VJ_21-404-_-y05-6-111-Su,UZ000ABLO:404,ABLO:UZ000ABLO:404:404,JP_21-404-_-y05-6-6-O-2,12:10:00,21,Sunday,61,tfl_21-404-_-y05-6_qyPH39c.xml
VJ_21-404-_-y05-6-113-Su,UZ000ABLO:404,ABLO:UZ000ABLO:404:404,JP_21-404-_-y05-6-6-O-2,12:40:00,23,Sunday,62,tfl_21-404-_-y05-6_qyPH39c.xml
VJ_21-404-_-y05-6-115-Su,UZ000ABLO:404,ABLO:UZ000ABLO:404:404,JP_21-404-_-y05-6-6-O-2,13:10:00,25,Sunday,63,tfl_21-404-_-y05-6_qyPH39c.xml
VJ_21-404-_-y05-6-117-Su,UZ000ABLO:404,ABLO:UZ000ABLO:404:404,JP_21-404-_-y05-6-6-O-2,13:40:00,27,Sunday,64,tfl_21-404-_-y05-6_qyPH39c.xml
VJ_21-404-_-y05-6-119-Su,UZ000ABLO:404,ABLO:UZ000ABLO:404:404,JP_21-404-_-y05-6-6-O-2,14:10:00,29,Sunday,65,tfl_21-404-_-y05-6_qyPH39c.xml
VJ_21-404-_-y05-6-120-Su,UZ000ABLO:404,ABLO:UZ000ABLO:404:404,JP_21-404-_-y05-6-6-O-2,14:40:00,31,Sunday,66,tfl_21-404-_-y05-6_qyPH39c.xml
VJ_21-404-_-y05-6-121-Su,UZ000ABLO:404,ABLO:UZ000ABLO:404:404,JP_21-404-_-y05-6-6-O-2,15:10:00,33,Sunday,67,tfl_21-404-_-y05-6_qyPH39c.xml
VJ_21-404-_-y05-6-122-Su,UZ000ABLO:404,ABLO:UZ000ABLO:404:404,JP_21-404-_-y05-6-6-O-2,15:40:00,35,Sunday,68,tfl_21-404-_-y05-6_qyPH39c.xml
VJ_21-404-_-y05-6-123-Su,UZ000ABLO:404,ABLO:UZ000ABLO:404:404,JP_21-404-_-y05-6-6-O-2,16:10:00,37,Sunday,69,tfl_21-404-_-y05-6_qyPH39c.xml
VJ_21-404-_-y05-6-124-Su,UZ000ABLO:404,ABLO:UZ000ABLO:404:404,JP_21-404-_-y05-6-6-O-2,16:40:00,39,Sunday,70,tfl_21-404-_-y05-6_qyPH39c.xml
VJ_21-404-_-y05-7-1-Sa,UZ000ABLO:404,ABLO:UZ000ABLO:404:404,JP_21-404-_-y05-7-1-I-1,06:25:00,2,Saturday,102,tfl_21-404-_-y05-7.xml
VJ_21-404-_-y05-7-2-Sa,UZ000ABLO:404,ABLO:UZ000ABLO:404:404,JP_21-404-_-y05-7-1-I-1,06:55:00,4,Saturday,103,tfl_21-404-_-y05-7.xml
VJ_21-404-_-y05-7-3-Sa,UZ000ABLO:404,ABLO:UZ000ABLO:404:404,JP_21-404-_-y05-7-1-I-1,07:25:00,6,Saturday,104,tfl_21-404-_-y05-7.xml
VJ_21-404-_-y05-7-4-Sa,UZ000ABLO:404,ABLO:UZ000ABLO:404:404,JP_21-404-_-y05-7-1-I-1,07:55:00,8,Saturday,105,tfl_21-404-_-y05-7.xml
VJ_21-404-_-y05-7-5-Sa,UZ000ABLO:404,ABLO:UZ000ABLO:404:404,JP_21-404-_-y05-7-4-I-1,08:25:00,10,Saturday,106,tfl_21-404-_-y05-7.xml
VJ_21-404-_-y05-7-6-Sa,UZ000ABLO:404,ABLO:UZ000ABLO:404:404,JP_21-404-_-y05-7-4-I-1,08:55:00,12,Saturday,107,tfl_21-404-_-y05-7.xml
VJ_21-404-_-y05-7-7-Sa,UZ000ABLO:404,ABLO:UZ000ABLO:404:404,JP_21-404-_-y05-7-4-I-1,18:55:00,52,Saturday,127,tfl_21-404-_-y05-7.xml
VJ_21-404-_-y05-7-8-Sa,UZ000ABLO:404,ABLO:UZ000ABLO:404:404,JP_21-404-_-y05-7-5-I-1,09:25:00,14,Saturday,108,tfl_21-404-_-y05-7.xml
VJ_21-404-_-y05-7-9-Sa,UZ000ABLO:404,ABLO:UZ000ABLO:404:404,JP_21-404-_-y05-7-5-I-1,09:55:00,16,Saturday,109,tfl_21-404-_-y05-7.xml
VJ_21-404-_-y05-7-10-Sa,UZ000ABLO:404,ABLO:UZ000ABLO:404:404,JP_21-404-_-y05-7-5-I-1,10:25:00,18,Saturday,110,tfl_21-404-_-y05-7.xml
VJ_21-404-_-y05-7-11-Sa,UZ000ABLO:404,ABLO:UZ000ABLO:404:404,JP_21-404-_-y05-7-5-I-1,10:55:00,20,Saturday,111,tfl_21-404-_-y05-7.xml
VJ_21-404-_-y05-7-12-Sa,UZ000ABLO:404,ABLO:UZ000ABLO:404:404,JP_21-404-_-y05-7-5-I-1,11:25:00,22,Saturday,112,tfl_21-404-_-y05-7.xml
VJ_21-404-_-y05-7-13-Sa,UZ000ABLO:404,ABLO:UZ000ABLO:404:404,JP_21-404-_-y05-7-5-I-1,11:55:00,24,Saturday,113,tfl_21-404-_-y05-7.xml
VJ_21-404-_-y05-7-14-Sa,UZ000ABLO:404,ABLO:UZ000ABLO:404:404,JP_21-404-_-y05-7-5-I-1,12:25:00,26,Saturday,114,tfl_21-404-_-y05-7.xml
VJ_21-404-_-y05-7-15-Sa,UZ000ABLO:404,ABLO:UZ000ABLO:404:404,JP_21-404-_-y05-7-5-I-1,12:55:00,28,Saturday,115,tfl_21-404-_-y05-7.xml
VJ_21-404-_-y05-7-16-Sa,UZ000ABLO:404,ABLO:UZ000ABLO:404:404,JP_21-404-_-y05-7-5-I-1,13:25:00,30,Saturday,116,tfl_21-404-_-y05-7.xml
VJ_21-404-_-y05-7-17-Sa,UZ000ABLO:404,ABLO:UZ000ABLO:404:404,JP_21-404-_-y05-7-5-I-1,13:55:00,32,Saturday,117,tfl_21-404-_-y05-7.xml
VJ_21-404-_-y05-7-18-Sa,UZ000ABLO:404,ABLO:UZ000ABLO:404:404,JP_21-404-_-y05-7-5-I-1,14:25:00,34,Saturday,118,tfl_21-404-_-y05-7.xml
VJ_21-404-_-y05-7-19-Sa,UZ000ABLO:404,ABLO:UZ000ABLO:404:404,JP_21-404-_-y05-7-5-I-1,14:55:00,36,Saturday,119,tfl_21-404-_-y05-7.xml
VJ_21-404-_-y05-7-20-Sa,UZ000ABLO:404,ABLO:UZ000ABLO:404:404,JP_21-404-_-y05-7-5-I-1,15:25:00,38,Saturday,120,tfl_21-404-_-y05-7.xml
VJ_21-404-_-y05-7-21-Sa,UZ000ABLO:404,ABLO:UZ000ABLO:404:404,JP_21-404-_-y05-7-5-I-1,15:55:00,40,Saturday,121,tfl_21-404-_-y05-7.xml
VJ_21-404-_-y05-7-22-Sa,UZ000ABLO:404,ABLO:UZ000ABLO:404:404,JP_21-404-_-y05-7-5-I-1,16:25:00,42,Saturday,122,tfl_21-404-_-y05-7.xml
VJ_21-404-_-y05-7-23-Sa,UZ000ABLO:404,ABLO:UZ000ABLO:404:404,JP_21-404-_-y05-7-5-I-1,16:55:00,44,Saturday,123,tfl_21-404-_-y05-7.xml
VJ_21-404-_-y05-7-24-Sa,UZ000ABLO:404,ABLO:UZ000ABLO:404:404,JP_21-404-_-y05-7-5-I-1,17:25:00,46,Saturday,124,tfl_21-404-_-y05-7.xml
VJ_21-404-_-y05-7-25-Sa,UZ000ABLO:404,ABLO:UZ000ABLO:404:404,JP_21-404-_-y05-7-5-I-1,17:55:00,48,Saturday,125,tfl_21-404-_-y05-7.xml
VJ_21-404-_-y05-7-26-Sa,UZ000ABLO:404,ABLO:UZ000ABLO:404:404,JP_21-404-_-y05-7-5-I-1,18:25:00,50,Saturday,126,tfl_21-404-_-y05-7.xml
VJ_21-404-_-y05-7-27-Sa,UZ000ABLO:404,ABLO:UZ000ABLO:404:404,JP_21-404-_-y05-7-1-O-2,07:10:00,1,Saturday,26,tfl_21-404-_-y05-7.xml
VJ_21-404-_-y05-7-28-Sa,UZ000ABLO:404,ABLO:UZ000ABLO:404:404,JP_21-404-_-y05-7-1-O-2,07:40:00,3,Saturday,27,tfl_21-404-_-y05-7.xml
VJ_21-404-_-y05-7-29-Sa,UZ000ABLO:404,ABLO:UZ000ABLO:404:404,JP_21-404-_-y05-7-2-O-2,08:10:00,5,Saturday,28,tfl_21-404-_-y05-7.xml
VJ_21-404-_-y05-7-30-Sa,UZ000ABLO:404,ABLO:UZ000ABLO:404:404,JP_21-404-_-y05-7-4-O-2,19:10:00,49,Saturday,50,tfl_21-404-_-y05-7.xml
VJ_21-404-_-y05-7-31-Sa,UZ000ABLO:404,ABLO:UZ000ABLO:404:404,JP_21-404-_-y05-7-5-O-2,08:40:00,7,Saturday,29,tfl_21-404-_-y05-7.xml
VJ_21-404-_-y05-7-32-Sa,UZ000ABLO:404,ABLO:UZ000ABLO:404:404,JP_21-404-_-y05-7-6-O-2,09:10:00,9,Saturday,30,tfl_21-404-_-y05-7.xml
VJ_21-404-_-y05-7-33-Sa,UZ000ABLO:404,ABLO:UZ000ABLO:404:404,JP_21-404-_-y05-7-6-O-2,09:40:00,11,Saturday,31,tfl_21-404-_-y05-7.xml
VJ_21-404-_-y05-7-34-Sa,UZ000ABLO:404,ABLO:UZ000ABLO:404:404,JP_21-404-_-y05-7-6-O-2,10:10:00,13,Saturday,32,tfl_21-404-_-y05-7.xml
VJ_21-404-_-y05-7-35-Sa,UZ000ABLO:404,ABLO:UZ000ABLO:404:404,JP_21-404-_-y05-7-6-O-2,10:40:00,15,Saturday,33,tfl_21-404-_-y05-7.xml
VJ_21-404-_-y05-7-36-Sa,UZ000ABLO:404,ABLO:UZ000ABLO:404:404,JP_21-404-_-y05-7-6-O-2,11:10:00,17,Saturday,34,tfl_21-404-_-y05-7.xml
VJ_21-404-_-y05-7-37-Sa,UZ000ABLO:404,ABLO:UZ000ABLO:404:404,JP_21-404-_-y05-7-6-O-2,11:40:00,19,Saturday,35,tfl_21-404-_-y05-7.xml
VJ_21-404-_-y05-7-38-Sa,UZ000ABLO:404,ABLO:UZ000ABLO:404:404,JP_21-404-_-y05-7-6-O-2,12:10:00,21,Saturday,36,tfl_21-404-_-y05-7.xml
VJ_21-404-_-y05-7-39-Sa,UZ000ABLO:404,ABLO:UZ000ABLO:404:404,JP_21-404-_-y05-7-6-O-2,12:40:00,23,Saturday,37,tfl_21-404-_-y05-7.xml
VJ_21-404-_-y05-7-40-Sa,UZ000ABLO:404,ABLO:UZ000ABLO:404:404,JP_21-404-_-y05-7-6-O-2,13:10:00,25,Saturday,38,tfl_21-404-_-y05-7.xml
VJ_21-404-_-y05-7-41-Sa,UZ000ABLO:404,ABLO:UZ000ABLO:404:404,JP_21-404-_-y05-7-6-O-2,13:40:00,27,Saturday,39,tfl_21-404-_-y05-7.xml
VJ_21-404-_-y05-7-42-Sa,UZ000ABLO:404,ABLO:UZ000ABLO:404:404,JP_21-404-_-y05-7-6-O-2,14:10:00,29,Saturday,40,tfl_21-404-_-y05-7.xml
VJ_21-404-_-y05-7-43-Sa,UZ000ABLO:404,ABLO:UZ000ABLO:404:404,JP_21-404-_-y05-7-6-O-2,14:40:00,31,Saturday,41,tfl_21-404-_-y05-7.xml
VJ_21-404-_-y05-7-44-Sa,UZ000ABLO:404,ABLO:UZ000ABLO:404:404,JP_21-404-_-y05-7-6-O-2,15:10:00,33,Saturday,42,tfl_21-404-_-y05-7.xml
VJ_21-404-_-y05-7-45-Sa,UZ000ABLO:404,ABLO:UZ000ABLO:404:404,JP_21-404-_-y05-7-6-O-2,15:40:00,35,Saturday,43,tfl_21-404-_-y05-7.xml
VJ_21-404-_-y05-7-46-Sa,UZ000ABLO:404,ABLO:UZ000ABLO:404:404,JP_21-404-_-y05-7-6-O-2,16:10:00,37,Saturday,44,tfl_21-404-_-y05-7.xml
VJ_21-404-_-y05-7-47-Sa,UZ000ABLO:404,ABLO:UZ000ABLO:404:404,JP_21-404-_-y05-7-6-O-2,16:40:00,39,Saturday,45,tfl_21-404-_-y05-7.xml
VJ_21-404-_-y05-7-48-Sa,UZ000ABLO:404,ABLO:UZ000ABLO:404:404,JP_21-404-_-y05-7-6-O-2,17:10:00,41,Saturday,46,tfl_21-404-_-y05-7.xml
VJ_21-404-_-y05-7-49-Sa,UZ000ABLO:404,ABLO:UZ000ABLO:404:404,JP_21-404-_-y05-7-6-O-2,17:40:00,43,Saturday,47,tfl_21-404-_-y05-7.xml
VJ_21-404-_-y05-7-50-Sa,UZ000ABLO:404,ABLO:UZ000ABLO:404:404,JP_21-404-_-y05-7-6-O-2,18:10:00,45,Saturday,48,tfl_21-404-_-y05-7.xml
VJ_21-404-_-y05-7-51-Sa,UZ000ABLO:404,ABLO:UZ000ABLO:404:404,JP_21-404-_-y05-7-6-O-2,18:40:00,47,Saturday,49,tfl_21-404-_-y05-7.xml
VJ_21-404-_-y05-7-1-Su,UZ000ABLO:404,ABLO:UZ000ABLO:404:404,JP_21-404-_-y05-7-1-I-1,06:25:00,2,Sunday,128,tfl_21-404-_-y05-7.xml
VJ_21-404-_-y05-7-2-Su,UZ000ABLO:404,ABLO:UZ000ABLO:404:404,JP_21-404-_-y05-7-1-I-1,06:55:00,4,Sunday,129,tfl_21-404-_-y05-7.xml
VJ_21-404-_-y05-7-3-Su,UZ000ABLO:404,ABLO:UZ000ABLO:404:404,JP_21-404-_-y05-7-1-I-1,07:25:00,6,Sunday,130,tfl_21-404-_-y05-7.xml
VJ_21-404-_-y05-7-4-Su,UZ000ABLO:404,ABLO:UZ000ABLO:404:404,JP_21-404-_-y05-7-1-I-1,07:55:00,8,Sunday,131,tfl_21-404-_-y05-7.xml
VJ_21-404-_-y05-7-5-Su,UZ000ABLO:404,ABLO:UZ000ABLO:404:404,JP_21-404-_-y05-7-1-I-1,18:25:00,50,Sunday,152,tfl_21-404-_-y05-7.xml
VJ_21-404-_-y05-7-6-Su,UZ000ABLO:404,ABLO:UZ000ABLO:404:404,JP_21-404-_-y05-7-1-I-1,18:55:00,52,Sunday,153,tfl_21-404-_-y05-7.xml
VJ_21-404-_-y05-7-7-Su,UZ000ABLO:404,ABLO:UZ000ABLO:404:404,JP_21-404-_-y05-7-2-I-1,08:25:00,10,Sunday,132,tfl_21-404-_-y05-7.xml
VJ_21-404-_-y05-7-8-Su,UZ000ABLO:404,ABLO:UZ000ABLO:404:404,JP_21-404-_-y05-7-2-I-1,08:55:00,12,Sunday,133,tfl_21-404-_-y05-7.xml
VJ_21-404-_-y05-7-9-Su,UZ000ABLO:404,ABLO:UZ000ABLO:404:404,JP_21-404-_-y05-7-3-I-1,17:55:00,48,Sunday,151,tfl_21-404-_-y05-7.xml
VJ_21-404-_-y05-7-12-Su,UZ000ABLO:404,ABLO:UZ000ABLO:404:404,JP_21-404-_-y05-7-4-I-1,16:55:00,44,Sunday,149,tfl_21-404-_-y05-7.xml
VJ_21-404-_-y05-7-13-Su,UZ000ABLO:404,ABLO:UZ000ABLO:404:404,JP_21-404-_-y05-7-4-I-1,17:25:00,46,Sunday,150,tfl_21-404-_-y05-7.xml
VJ_21-404-_-y05-7-16-Su,UZ000ABLO:404,ABLO:UZ000ABLO:404:404,JP_21-404-_-y05-7-5-I-1,09:25:00,14,Sunday,134,tfl_21-404-_-y05-7.xml
VJ_21-404-_-y05-7-18-Su,UZ000ABLO:404,ABLO:UZ000ABLO:404:404,JP_21-404-_-y05-7-5-I-1,09:55:00,16,Sunday,135,tfl_21-404-_-y05-7.xml
VJ_21-404-_-y05-7-20-Su,UZ000ABLO:404,ABLO:UZ000ABLO:404:404,JP_21-404-_-y05-7-5-I-1,10:25:00,18,Sunday,136,tfl_21-404-_-y05-7.xml
VJ_21-404-_-y05-7-22-Su,UZ000ABLO:404,ABLO:UZ000ABLO:404:404,JP_21-404-_-y05-7-5-I-1,10:55:00,20,Sunday,137,tfl_21-404-_-y05-7.xml
VJ_21-404-_-y05-7-24-Su,UZ000ABLO:404,ABLO:UZ000ABLO:404:404,JP_21-404-_-y05-7-5-I-1,11:25:00,22,Sunday,138,tfl_21-404-_-y05-7.xml
VJ_21-404-_-y05-7-26-Su,UZ000ABLO:404,ABLO:UZ000ABLO:404:404,JP_21-404-_-y05-7-5-I-1,11:55:00,24,Sunday,139,tfl_21-404-_-y05-7.xml
VJ_21-404-_-y05-7-28-Su,UZ000ABLO:404,ABLO:UZ000ABLO:404:404,JP_21-404-_-y05-7-5-I-1,12:25:00,26,Sunday,140,tfl_21-404-_-y05-7.xml
VJ_21-404-_-y05-7-30-Su,UZ000ABLO:404,ABLO:UZ000ABLO:404:404,JP_21-404-_-y05-7-5-I-1,12:55:00,28,Sunday,141,tfl_21-404-_-y05-7.xml
VJ_21-404-_-y05-7-32-Su,UZ000ABLO:404,ABLO:UZ000ABLO:404:404,JP_21-404-_-y05-7-5-I-1,13:25:00,30,Sunday,142,tfl_21-404-_-y05-7.xml
VJ_21-404-_-y05-7-33-Su,UZ000ABLO:404,ABLO:UZ000ABLO:404:404,JP_21-404-_-y05-7-5-I-1,13:55:00,32,Sunday,143,tfl_21-404-_-y05-7.xml
VJ_21-404-_-y05-7-34-Su,UZ000ABLO:404,ABLO:UZ000ABLO:404:404,JP_21-404-_-y05-7-5-I-1,14:25:00,34,Sunday,144,tfl_21-404-_-y05-7.xml
VJ_21-404-_-y05-7-35-Su,UZ000ABLO:404,ABLO:UZ000ABLO:404:404,JP_21-404-_-y05-7-5-I-1,14:55:00,36,Sunday,145,tfl_21-404-_-y05-7.xml
VJ_21-404-_-y05-7-36-Su,UZ000ABLO:404,ABLO:UZ000ABLO:404:404,JP_21-404-_-y05-7-5-I-1,15:25:00,38,Sunday,146,tfl_21-404-_-y05-7.xml
VJ_21-404-_-y05-7-37-Su,UZ000ABLO:404,ABLO:UZ000ABLO:404:404,JP_21-404-_-y05-7-5-I-1,15:55:00,40,Sunday,147,tfl_21-404-_-y05-7.xml
VJ_21-404-_-y05-7-38-Su,UZ000ABLO:404,ABLO:UZ000ABLO:404:404,JP_21-404-_-y05-7-5-I-1,16:25:00,42,Sunday,148,tfl_21-404-_-y05-7.xml
VJ_21-404-_-y05-7-60-Su,UZ000ABLO:404,ABLO:UZ000ABLO:404:404,JP_21-404-_-y05-7-1-O-2,07:10:00,1,Sunday,51,tfl_21-404-_-y05-7.xml
VJ_21-404-_-y05-7-61-Su,UZ000ABLO:404,ABLO:UZ000ABLO:404:404,JP_21-404-_-y05-7-1-O-2,07:40:00,3,Sunday,52,tfl_21-404-_-y05-7.xml
VJ_21-404-_-y05-7-62-Su,UZ000ABLO:404,ABLO:UZ000ABLO:404:404,JP_21-404-_-y05-7-1-O-2,08:10:00,5,Sunday,53,tfl_21-404-_-y05-7.xml
VJ_21-404-_-y05-7-63-Su,UZ000ABLO:404,ABLO:UZ000ABLO:404:404,JP_21-404-_-y05-7-1-O-2,08:40:00,7,Sunday,54,tfl_21-404-_-y05-7.xml
VJ_21-404-_-y05-7-64-Su,UZ000ABLO:404,ABLO:UZ000ABLO:404:404,JP_21-404-_-y05-7-1-O-2,18:10:00,45,Sunday,73,tfl_21-404-_-y05-7.xml
VJ_21-404-_-y05-7-65-Su,UZ000ABLO:404,ABLO:UZ000ABLO:404:404,JP_21-404-_-y05-7-1-O-2,18:40:00,47,Sunday,74,tfl_21-404-_-y05-7.xml
VJ_21-404-_-y05-7-66-Su,UZ000ABLO:404,ABLO:UZ000ABLO:404:404,JP_21-404-_-y05-7-1-O-2,19:10:00,49,Sunday,75,tfl_21-404-_-y05-7.xml
VJ_21-404-_-y05-7-68-Su,UZ000ABLO:404,ABLO:UZ000ABLO:404:404,JP_21-404-_-y05-7-2-O-2,09:10:00,9,Sunday,55,tfl_21-404-_-y05-7.xml
VJ_21-404-_-y05-7-69-Su,UZ000ABLO:404,ABLO:UZ000ABLO:404:404,JP_21-404-_-y05-7-3-O-2,17:40:00,43,Sunday,72,tfl_21-404-_-y05-7.xml
VJ_21-404-_-y05-7-70-Su,UZ000ABLO:404,ABLO:UZ000ABLO:404:404,JP_21-404-_-y05-7-4-O-2,17:10:00,41,Sunday,71,tfl_21-404-_-y05-7.xml
VJ_21-404-_-y05-7-73-Su,UZ000ABLO:404,ABLO:UZ000ABLO:404:404,JP_21-404-_-y05-7-5-O-2,09:40:00,11,Sunday,56,tfl_21-404-_-y05-7.xml
VJ_21-404-_-y05-7-76-Su,UZ000ABLO:404,ABLO:UZ000ABLO:404:404,JP_21-404-_-y05-7-6-O-2,10:10:00,13,Sunday,57,tfl_21-404-_-y05-7.xml
VJ_21-404-_-y05-7-77-Su,UZ000ABLO:404,ABLO:UZ000ABLO:404:404,JP_21-404-_-y05-7-6-O-2,10:40:00,15,Sunday,58,tfl_21-404-_-y05-7.xml
VJ_21-404-_-y05-7-78-Su,UZ000ABLO:404,ABLO:UZ000ABLO:404:404,JP_21-404-_-y05-7-6-O-2,11:10:00,17,Sunday,59,tfl_21-404-_-y05-7.xml
VJ_21-404-_-y05-7-79-Su,UZ000ABLO:404,ABLO:UZ000ABLO:404:404,JP_21-404-_-y05-7-6-O-2,11:40:00,19,Sunday,60,tfl_21-404-_-y05-7.xml
VJ_21-404-_-y05-7-80-Su,UZ000ABLO:404,ABLO:UZ000ABLO:404:404,JP_21-404-_-y05-7-6-O-2,12:10:00,21,Sunday,61,tfl_21-404-_-y05-7.xml
VJ_21-404-_-y05-7-81-Su,UZ000ABLO:404,ABLO:UZ000ABLO:404:404,JP_21-404-_-y05-7-6-O-2,12:40:00,23,Sunday,62,tfl_21-404-_-y05-7.xml
VJ_21-404-_-y05-7-82-Su,UZ000ABLO:404,ABLO:UZ000ABLO:404:404,JP_21-404-_-y05-7-6-O-2,13:10:00,25,Sunday,63,tfl_21-404-_-y05-7.xml
VJ_21-404-_-y05-7-83-Su,UZ000ABLO:404,ABLO:UZ000ABLO:404:404,JP_21-404-_-y05-7-6-O-2,13:40:00,27,Sunday,64,tfl_21-404-_-y05-7.xml
VJ_21-404-_-y05-7-84-Su,UZ000ABLO:404,ABLO:UZ000ABLO:404:404,JP_21-404-_-y05-7-6-O-2,14:10:00,29,Sunday,65,tfl_21-404-_-y05-7.xml
VJ_21-404-_-y05-7-85-Su,UZ000ABLO:404,ABLO:UZ000ABLO:404:404,JP_21-404-_-y05-7-6-O-2,14:40:00,31,Sunday,66,tfl_21-404-_-y05-7.xml
VJ_21-404-_-y05-7-86-Su,UZ000ABLO:404,ABLO:UZ000ABLO:404:404,JP_21-404-_-y05-7-6-O-2,15:10:00,33,Sunday,67,tfl_21-404-_-y05-7.xml
VJ_21-404-_-y05-7-87-Su,UZ000ABLO:404,ABLO:UZ000ABLO:404:404,JP_21-404-_-y05-7-6-O-2,15:40:00,35,Sunday,68,tfl_21-404-_-y05-7.xml
VJ_21-404-_-y05-7-88-Su,UZ000ABLO:404,ABLO:UZ000ABLO:404:404,JP_21-404-_-y05-7-6-O-2,16:10:00,37,Sunday,69,tfl_21-404-_-y05-7.xml
VJ_21-404-_-y05-7-89-Su,UZ000ABLO:404,ABLO:UZ000ABLO:404:404,JP_21-404-_-y05-7-6-O-2,16:40:00,39,Sunday,70,tfl_21-404-_-y05-7.xml
VJ_21-404-_-y05-7-8-MF,UZ000ABLO:404,ABLO:UZ000ABLO:404:404,JP_21-404-_-y05-7-5-I-1,09:24:00,14,"Monday,Tuesday,Wednesday,Thursday,Friday",82,tfl_21-404-_-y05-7.xml
VJ_21-404-_-y05-7-10-MF,UZ000ABLO:404,ABLO:UZ000ABLO:404:404,JP_21-404-_-y05-7-5-I-1,09:54:00,16,"Monday,Tuesday,Wednesday,Thursday,Friday",83,tfl_21-404-_-y05-7.xml
VJ_21-404-_-y05-7-12-MF,UZ000ABLO:404,ABLO:UZ000ABLO:404:404,JP_21-404-_-y05-7-5-I-1,10:24:00,18,"Monday,Tuesday,Wednesday,Thursday,Friday",84,tfl_21-404-_-y05-7.xml
VJ_21-404-_-y05-7-14-MF,UZ000ABLO:404,ABLO:UZ000ABLO:404:404,JP_21-404-_-y05-7-5-I-1,10:54:00,20,"Monday,Tuesday,Wednesday,Thursday,Friday",85,tfl_21-404-_-y05-7.xml
VJ_21-404-_-y05-7-16-MF,UZ000ABLO:404,ABLO:UZ000ABLO:404:404,JP_21-404-_-y05-7-5-I-1,11:24:00,22,"Monday,Tuesday,Wednesday,Thursday,Friday",86,tfl_21-404-_-y05-7.xml
VJ_21-404-_-y05-7-18-MF,UZ000ABLO:404,ABLO:UZ000ABLO:404:404,JP_21-404-_-y05-7-5-I-1,11:54:00,24,"Monday,Tuesday,Wednesday,Thursday,Friday",87,tfl_21-404-_-y05-7.xml
VJ_21-404-_-y05-7-20-MF,UZ000ABLO:404,ABLO:UZ000ABLO:404:404,JP_21-404-_-y05-7-5-I-1,12:24:00,26,"Monday,Tuesday,Wednesday,Thursday,Friday",88,tfl_21-404-_-y05-7.xml
VJ_21-404-_-y05-7-22-MF,UZ000ABLO:404,ABLO:UZ000ABLO:404:404,JP_21-404-_-y05-7-5-I-1,12:54:00,28,"Monday,Tuesday,Wednesday,Thursday,Friday",89,tfl_21-404-_-y05-7.xml
VJ_21-404-_-y05-7-24-MF,UZ000ABLO:404,ABLO:UZ000ABLO:404:404,JP_21-404-_-y05-7-5-I-1,13:24:00,30,"Monday,Tuesday,Wednesday,Thursday,Friday",90,tfl_21-404-_-y05-7.xml
VJ_21-404-_-y05-7-36-MF,UZ000ABLO:404,ABLO:UZ000ABLO:404:404,JP_21-404-_-y05-7-6-I-1,13:54:00,32,"Monday,Tuesday,Wednesday,Thursday,Friday",91,tfl_21-404-_-y05-7.xml
VJ_21-404-_-y05-7-37-MF,UZ000ABLO:404,ABLO:UZ000ABLO:404:404,JP_21-404-_-y05-7-7-I-1,18:55:00,52,"Monday,Tuesday,Wednesday,Thursday,Friday",101,tfl_21-404-_-y05-7.xml
VJ_21-404-_-y05-7-38-MF,UZ000ABLO:404,ABLO:UZ000ABLO:404:404,JP_21-404-_-y05-7-8-I-1,06:25:00,2,"Monday,Tuesday,Wednesday,Thursday,Friday",76,tfl_21-404-_-y05-7.xml
VJ_21-404-_-y05-7-39-MF,UZ000ABLO:404,ABLO:UZ000ABLO:404:404,JP_21-404-_-y05-7-8-I-1,08:54:00,12,"Monday,Tuesday,Wednesday,Thursday,Friday",81,tfl_21-404-_-y05-7.xml
VJ_21-404-_-y05-7-40-MF,UZ000ABLO:404,ABLO:UZ000ABLO:404:404,JP_21-404-_-y05-7-9-I-1,18:25:00,50,"Monday,Tuesday,Wednesday,Thursday,Friday",100,tfl_21-404-_-y05-7.xml
VJ_21-404-_-y05-7-41-MF,UZ000ABLO:404,ABLO:UZ000ABLO:404:404,JP_21-404-_-y05-7-10-I-1,06:54:00,4,"Monday,Tuesday,Wednesday,Thursday,Friday",77,tfl_21-404-_-y05-7.xml
VJ_21-404-_-y05-7-42-MF,UZ000ABLO:404,ABLO:UZ000ABLO:404:404,JP_21-404-_-y05-7-10-I-1,07:24:00,6,"Monday,Tuesday,Wednesday,Thursday,Friday",78,tfl_21-404-_-y05-7.xml
VJ_21-404-_-y05-7-43-MF,UZ000ABLO:404,ABLO:UZ000ABLO:404:404,JP_21-404-_-y05-7-10-I-1,07:54:00,8,"Monday,Tuesday,Wednesday,Thursday,Friday",79,tfl_21-404-_-y05-7.xml
VJ_21-404-_-y05-7-44-MF,UZ000ABLO:404,ABLO:UZ000ABLO:404:404,JP_21-404-_-y05-7-10-I-1,08:24:00,10,"Monday,Tuesday,Wednesday,Thursday,Friday",80,tfl_21-404-_-y05-7.xml
VJ_21-404-_-y05-7-45-MF,UZ000ABLO:404,ABLO:UZ000ABLO:404:404,JP_21-404-_-y05-7-10-I-1,14:24:00,34,"Monday,Tuesday,Wednesday,Thursday,Friday",92,tfl_21-404-_-y05-7.xml
VJ_21-404-_-y05-7-46-MF,UZ000ABLO:404,ABLO:UZ000ABLO:404:404,JP_21-404-_-y05-7-10-I-1,14:54:00,36,"Monday,Tuesday,Wednesday,Thursday,Friday",93,tfl_21-404-_-y05-7.xml
VJ_21-404-_-y05-7-47-MF,UZ000ABLO:404,ABLO:UZ000ABLO:404:404,JP_21-404-_-y05-7-10-I-1,15:24:00,38,"Monday,Tuesday,Wednesday,Thursday,Friday",94,tfl_21-404-_-y05-7.xml
VJ_21-404-_-y05-7-48-MF,UZ000ABLO:404,ABLO:UZ000ABLO:404:404,JP_21-404-_-y05-7-10-I-1,15:54:00,40,"Monday,Tuesday,Wednesday,Thursday,Friday",95,tfl_21-404-_-y05-7.xml
VJ_21-404-_-y05-7-49-MF,UZ000ABLO:404,ABLO:UZ000ABLO:404:404,JP_21-404-_-y05-7-10-I-1,16:24:00,42,"Monday,Tuesday,Wednesday,Thursday,Friday",96,tfl_21-404-_-y05-7.xml
VJ_21-404-_-y05-7-50-MF,UZ000ABLO:404,ABLO:UZ000ABLO:404:404,JP_21-404-_-y05-7-10-I-1,16:54:00,44,"Monday,Tuesday,Wednesday,Thursday,Friday",97,tfl_21-404-_-y05-7.xml
VJ_21-404-_-y05-7-51-MF,UZ000ABLO:404,ABLO:UZ000ABLO:404:404,JP_21-404-_-y05-7-10-I-1,17:24:00,46,"Monday,Tuesday,Wednesday,Thursday,Friday",98,tfl_21-404-_-y05-7.xml
VJ_21-404-_-y05-7-52-MF,UZ000ABLO:404,ABLO:UZ000ABLO:404:404,JP_21-404-_-y05-7-10-I-1,17:54:00,48,"Monday,Tuesday,Wednesday,Thursday,Friday",99,tfl_21-404-_-y05-7.xml
VJ_21-404-_-y05-7-59-MF,UZ000ABLO:404,ABLO:UZ000ABLO:404:404,JP_21-404-_-y05-7-6-O-2,09:40:00,11,"Monday,Tuesday,Wednesday,Thursday,Friday",6,tfl_21-404-_-y05-7.xml
VJ_21-404-_-y05-7-60-MF,UZ000ABLO:404,ABLO:UZ000ABLO:404:404,JP_21-404-_-y05-7-6-O-2,10:10:00,13,"Monday,Tuesday,Wednesday,Thursday,Friday",7,tfl_21-404-_-y05-7.xml
VJ_21-404-_-y05-7-61-MF,UZ000ABLO:404,ABLO:UZ000ABLO:404:404,JP_21-404-_-y05-7-6-O-2,10:40:00,15,"Monday,Tuesday,Wednesday,Thursday,Friday",8,tfl_21-404-_-y05-7.xml
VJ_21-404-_-y05-7-62-MF,UZ000ABLO:404,ABLO:UZ000ABLO:404:404,JP_21-404-_-y05-7-6-O-2,11:10:00,17,"Monday,Tuesday,Wednesday,Thursday,Friday",9,tfl_21-404-_-y05-7.xml
VJ_21-404-_-y05-7-63-MF,UZ000ABLO:404,ABLO:UZ000ABLO:404:404,JP_21-404-_-y05-7-6-O-2,11:40:00,19,"Monday,Tuesday,Wednesday,Thursday,Friday",10,tfl_21-404-_-y05-7.xml
VJ_21-404-_-y05-7-64-MF,UZ000ABLO:404,ABLO:UZ000ABLO:404:404,JP_21-404-_-y05-7-6-O-2,12:10:00,21,"Monday,Tuesday,Wednesday,Thursday,Friday",11,tfl_21-404-_-y05-7.xml
VJ_21-404-_-y05-7-65-MF,UZ000ABLO:404,ABLO:UZ000ABLO:404:404,JP_21-404-_-y05-7-6-O-2,12:40:00,23,"Monday,Tuesday,Wednesday,Thursday,Friday",12,tfl_21-404-_-y05-7.xml
VJ_21-404-_-y05-7-66-MF,UZ000ABLO:404,ABLO:UZ000ABLO:404:404,JP_21-404-_-y05-7-6-O-2,13:10:00,25,"Monday,Tuesday,Wednesday,Thursday,Friday",13,tfl_21-404-_-y05-7.xml
VJ_21-404-_-y05-7-67-MF,UZ000ABLO:404,ABLO:UZ000ABLO:404:404,JP_21-404-_-y05-7-6-O-2,13:40:00,27,"Monday,Tuesday,Wednesday,Thursday,Friday",14,tfl_21-404-_-y05-7.xml
VJ_21-404-_-y05-7-78-MF,UZ000ABLO:404,ABLO:UZ000ABLO:404:404,JP_21-404-_-y05-7-7-O-2,14:10:00,29,"Monday,Tuesday,Wednesday,Thursday,Friday",15,tfl_21-404-_-y05-7.xml
VJ_21-404-_-y05-7-79-MF,UZ000ABLO:404,ABLO:UZ000ABLO:404:404,JP_21-404-_-y05-7-8-O-2,09:10:00,9,"Monday,Tuesday,Wednesday,Thursday,Friday",5,tfl_21-404-_-y05-7.xml
VJ_21-404-_-y05-7-80-MF,UZ000ABLO:404,ABLO:UZ000ABLO:404:404,JP_21-404-_-y05-7-8-O-2,19:10:00,49,"Monday,Tuesday,Wednesday,Thursday,Friday",25,tfl_21-404-_-y05-7.xml
VJ_21-404-_-y05-7-81-MF,UZ000ABLO:404,ABLO:UZ000ABLO:404:404,JP_21-404-_-y05-7-9-O-2,07:10:00,1,"Monday,Tuesday,Wednesday,Thursday,Friday",1,tfl_21-404-_-y05-7.xml
VJ_21-404-_-y05-7-82-MF,UZ000ABLO:404,ABLO:UZ000ABLO:404:404,JP_21-404-_-y05-7-9-O-2,07:40:00,3,"Monday,Tuesday,Wednesday,Thursday,Friday",2,tfl_21-404-_-y05-7.xml
VJ_21-404-_-y05-7-83-MF,UZ000ABLO:404,ABLO:UZ000ABLO:404:404,JP_21-404-_-y05-7-9-O-2,08:10:00,5,"Monday,Tuesday,Wednesday,Thursday,Friday",3,tfl_21-404-_-y05-7.xml
VJ_21-404-_-y05-7-84-MF,UZ000ABLO:404,ABLO:UZ000ABLO:404:404,JP_21-404-_-y05-7-9-O-2,08:40:00,7,"Monday,Tuesday,Wednesday,Thursday,Friday",4,tfl_21-404-_-y05-7.xml
VJ_21-404-_-y05-7-85-MF,UZ000ABLO:404,ABLO:UZ000ABLO:404:404,JP_21-404-_-y05-7-9-O-2,14:40:00,31,"Monday,Tuesday,Wednesday,Thursday,Friday",16,tfl_21-404-_-y05-7.xml
VJ_21-404-_-y05-7-86-MF,UZ000ABLO:404,ABLO:UZ000ABLO:404:404,JP_21-404-_-y05-7-9-O-2,15:10:00,33,"Monday,Tuesday,Wednesday,Thursday,Friday",17,tfl_21-404-_-y05-7.xml
VJ_21-404-_-y05-7-87-MF,UZ000ABLO:404,ABLO:UZ000ABLO:404:404,JP_21-404-_-y05-7-9-O-2,15:40:00,35,"Monday,Tuesday,Wednesday,Thursday,Friday",18,tfl_21-404-_-y05-7.xml
VJ_21-404-_-y05-7-88-MF,UZ000ABLO:404,ABLO:UZ000ABLO:404:404,JP_21-404-_-y05-7-9-O-2,16:10:00,37,"Monday,Tuesday,Wednesday,Thursday,Friday",19,tfl_21-404-_-y05-7.xml
VJ_21-404-_-y05-7-89-MF,UZ000ABLO:404,ABLO:UZ000ABLO:404:404,JP_21-404-_-y05-7-9-O-2,16:40:00,39,"Monday,Tuesday,Wednesday,Thursday,Friday",20,tfl_21-404-_-y05-7.xml
VJ_21-404-_-y05-7-90-MF,UZ000ABLO:404,ABLO:UZ000ABLO:404:404,JP_21-404-_-y05-7-9-O-2,17:10:00,41,"Monday,Tuesday,Wednesday,Thursday,Friday",21,tfl_21-404-_-y05-7.xml
VJ_21-404-_-y05-7-91-MF,UZ000ABLO:404,ABLO:UZ000ABLO:404:404,JP_21-404-_-y05-7-9-O-2,17:40:00,43,"Monday,Tuesday,Wednesday,Thursday,Friday",22,tfl_21-404-_-y05-7.xml
VJ_21-404-_-y05-7-92-MF,UZ000ABLO:404,ABLO:UZ000ABLO:404:404,JP_21-404-_-y05-7-9-O-2,18:10:00,45,"Monday,Tuesday,Wednesday,Thursday,Friday",23,tfl_21-404-_-y05-7.xml
VJ_21-404-_-y05-7-93-MF,UZ000ABLO:404,ABLO:UZ000ABLO:404:404,JP_21-404-_-y05-7-9-O-2,18:40:00,47,"Monday,Tuesday,Wednesday,Thursday,Friday",24,tfl_21-404-_-y05-7.xml
VJ_21-407-_-y05-11-1-Sa,PK0003436:2,ABLO:PK0003436:2:407,JP_21-407-_-y05-11-4-I-1,00:40:00,172,Saturday,400,tfl_21-407-_-y05-11_HygcEjI.xml
VJ_21-407-_-y05-11-2-Sa,PK0003436:2,ABLO:PK0003436:2:407,JP_21-407-_-y05-11-6-I-1,23:55:00,166,Saturday,397,tfl_21-407-_-y05-11_HygcEjI.xml
VJ_21-407-_-y05-11-3-Sa,PK0003436:2,ABLO:PK0003436:2:407,JP_21-407-_-y05-11-6-I-1,00:10:00,168,Saturday,398,tfl_21-407-_-y05-11_HygcEjI.xml
VJ_21-407-_-y05-11-4-Sa,PK0003436:2,ABLO:PK0003436:2:407,JP_21-407-_-y05-11-6-I-1,00:25:00,170,Saturday,399,tfl_21-407-_-y05-11_HygcEjI.xml
VJ_21-407-_-y05-11-5-Sa,PK0003436:2,ABLO:PK0003436:2:407,JP_21-407-_-y05-11-9-I-1,23:25:00,162,Saturday,395,tfl_21-407-_-y05-11_HygcEjI.xml
VJ_21-407-_-y05-11-6-Sa,PK0003436:2,ABLO:PK0003436:2:407,JP_21-407-_-y05-11-9-I-1,23:40:00,164,Saturday,396,tfl_21-407-_-y05-11_HygcEjI.xml
VJ_21-407-_-y05-11-7-Sa,PK0003436:2,ABLO:PK0003436:2:407,JP_21-407-_-y05-11-10-I-1,22:55:00,158,Saturday,393,tfl_21-407-_-y05-11_HygcEjI.xml
VJ_21-407-_-y05-11-8-Sa,PK0003436:2,ABLO:PK0003436:2:407,JP_21-407-_-y05-11-10-I-1,23:10:00,160,Saturday,394,tfl_21-407-_-y05-11_HygcEjI.xml
VJ_21-407-_-y05-11-9-Sa,PK0003436:2,ABLO:PK0003436:2:407,JP_21-407-_-y05-11-13-I-1,05:00:00,2,Saturday,315,tfl_21-407-_-y05-11_HygcEjI.xml
VJ_21-407-_-y05-11-10-Sa,PK0003436:2,ABLO:PK0003436:2:407,JP_21-407-_-y05-11-13-I-1,05:20:00,4,Saturday,316,tfl_21-407-_-y05-11_HygcEjI.xml
VJ_21-407-_-y05-11-11-Sa,PK0003436:2,ABLO:PK0003436:2:407,JP_21-407-_-y05-11-14-I-1,05:40:00,6,Saturday,317,tfl_21-407-_-y05-11_HygcEjI.xml
VJ_21-407-_-y05-11-12-Sa,PK0003436:2,ABLO:PK0003436:2:407,JP_21-407-_-y05-11-16-I-1,22:40:00,156,Saturday,392,tfl_21-407-_-y05-11_HygcEjI.xml
VJ_21-407-_-y05-11-13-Sa,PK0003436:2,ABLO:PK0003436:2:407,JP_21-407-_-y05-11-19-I-1,06:00:00,8,Saturday,318,tfl_21-407-_-y05-11_HygcEjI.xml
VJ_21-407-_-y05-11-14-Sa,PK0003436:2,ABLO:PK0003436:2:407,JP_21-407-_-y05-11-19-I-1,22:25:00,154,Saturday,391,tfl_21-407-_-y05-11_HygcEjI.xml
VJ_21-407-_-y05-11-15-Sa,PK0003436:2,ABLO:PK0003436:2:407,JP_21-407-_-y05-11-20-I-1,06:20:00,10,Saturday,319,tfl_21-407-_-y05-11_HygcEjI.xml
VJ_21-407-_-y05-11-16-Sa,PK0003436:2,ABLO:PK0003436:2:407,JP_21-407-_-y05-11-21-I-1,22:10:00,152,Saturday,390,tfl_21-407-_-y05-11_HygcEjI.xml
VJ_21-407-_-y05-11-17-Sa,PK0003436:2,ABLO:PK0003436:2:407,JP_21-407-_-y05-11-23-I-1,06:40:00,12,Saturday,320,tfl_21-407-_-y05-11_HygcEjI.xml
VJ_21-407-_-y05-11-18-Sa,PK0003436:2,ABLO:PK0003436:2:407,JP_21-407-_-y05-11-23-I-1,07:00:00,14,Saturday,321,tfl_21-407-_-y05-11_HygcEjI.xml
VJ_21-407-_-y05-11-19-Sa,PK0003436:2,ABLO:PK0003436:2:407,JP_21-407-_-y05-11-23-I-1,07:15:00,16,Saturday,322,tfl_21-407-_-y05-11_HygcEjI.xml
VJ_21-407-_-y05-11-20-Sa,PK0003436:2,ABLO:PK0003436:2:407,JP_21-407-_-y05-11-28-I-1,21:55:00,150,Saturday,389,tfl_21-407-_-y05-11_HygcEjI.xml
VJ_21-407-_-y05-11-21-Sa,PK0003436:2,ABLO:PK0003436:2:407,JP_21-407-_-y05-11-29-I-1,07:30:00,18,Saturday,323,tfl_21-407-_-y05-11_HygcEjI.xml
VJ_21-407-_-y05-11-22-Sa,PK0003436:2,ABLO:PK0003436:2:407,JP_21-407-_-y05-11-30-I-1,21:25:00,146,Saturday,387,tfl_21-407-_-y05-11_HygcEjI.xml
VJ_21-407-_-y05-11-23-Sa,PK0003436:2,ABLO:PK0003436:2:407,JP_21-407-_-y05-11-30-I-1,21:40:00,148,Saturday,388,tfl_21-407-_-y05-11_HygcEjI.xml
VJ_21-407-_-y05-11-24-Sa,PK0003436:2,ABLO:PK0003436:2:407,JP_21-407-_-y05-11-31-I-1,20:40:00,140,Saturday,384,tfl_21-407-_-y05-11_HygcEjI.xml
VJ_21-407-_-y05-11-25-Sa,PK0003436:2,ABLO:PK0003436:2:407,JP_21-407-_-y05-11-31-I-1,20:55:00,142,Saturday,385,tfl_21-407-_-y05-11_HygcEjI.xml
VJ_21-407-_-y05-11-26-Sa,PK0003436:2,ABLO:PK0003436:2:407,JP_21-407-_-y05-11-31-I-1,21:10:00,144,Saturday,386,tfl_21-407-_-y05-11_HygcEjI.xml
VJ_21-407-_-y05-11-27-Sa,PK0003436:2,ABLO:PK0003436:2:407,JP_21-407-_-y05-11-35-I-1,20:25:00,138,Saturday,383,tfl_21-407-_-y05-11_HygcEjI.xml
VJ_21-407-_-y05-11-28-Sa,PK0003436:2,ABLO:PK0003436:2:407,JP_21-407-_-y05-11-39-I-1,07:45:00,20,Saturday,324,tfl_21-407-_-y05-11_HygcEjI.xml
VJ_21-407-_-y05-11-29-Sa,PK0003436:2,ABLO:PK0003436:2:407,JP_21-407-_-y05-11-40-I-1,08:00:00,22,Saturday,325,tfl_21-407-_-y05-11_HygcEjI.xml
VJ_21-407-_-y05-11-30-Sa,PK0003436:2,ABLO:PK0003436:2:407,JP_21-407-_-y05-11-45-I-1,20:10:00,136,Saturday,382,tfl_21-407-_-y05-11_HygcEjI.xml
VJ_21-407-_-y05-11-31-Sa,PK0003436:2,ABLO:PK0003436:2:407,JP_21-407-_-y05-11-48-I-1,19:55:00,134,Saturday,381,tfl_21-407-_-y05-11_HygcEjI.xml
VJ_21-407-_-y05-11-32-Sa,PK0003436:2,ABLO:PK0003436:2:407,JP_21-407-_-y05-11-50-I-1,19:40:00,132,Saturday,380,tfl_21-407-_-y05-11_HygcEjI.xml
VJ_21-407-_-y05-11-33-Sa,PK0003436:2,ABLO:PK0003436:2:407,JP_21-407-_-y05-11-52-I-1,08:10:00,24,Saturday,326,tfl_21-407-_-y05-11_HygcEjI.xml
VJ_21-407-_-y05-11-34-Sa,PK0003436:2,ABLO:PK0003436:2:407,JP_21-407-_-y05-11-53-I-1,08:21:00,26,Saturday,327,tfl_21-407-_-y05-11_HygcEjI.xml
VJ_21-407-_-y05-11-35-Sa,PK0003436:2,ABLO:PK0003436:2:407,JP_21-407-_-y05-11-54-I-1,08:32:00,28,Saturday,328,tfl_21-407-_-y05-11_HygcEjI.xml
VJ_21-407-_-y05-11-36-Sa,PK0003436:2,ABLO:PK0003436:2:407,JP_21-407-_-y05-11-54-I-1,08:45:00,30,Saturday,329,tfl_21-407-_-y05-11_HygcEjI.xml
VJ_21-407-_-y05-11-37-Sa,PK0003436:2,ABLO:PK0003436:2:407,JP_21-407-_-y05-11-55-I-1,08:56:00,32,Saturday,330,tfl_21-407-_-y05-11_HygcEjI.xml
VJ_21-407-_-y05-11-38-Sa,PK0003436:2,ABLO:PK0003436:2:407,JP_21-407-_-y05-11-56-I-1,09:07:00,34,Saturday,331,tfl_21-407-_-y05-11_HygcEjI.xml
VJ_21-407-_-y05-11-39-Sa,PK0003436:2,ABLO:PK0003436:2:407,JP_21-407-_-y05-11-62-I-1,19:25:00,130,Saturday,379,tfl_21-407-_-y05-11_HygcEjI.xml
VJ_21-407-_-y05-11-40-Sa,PK0003436:2,ABLO:PK0003436:2:407,JP_21-407-_-y05-11-67-I-1,18:40:00,124,Saturday,376,tfl_21-407-_-y05-11_HygcEjI.xml
VJ_21-407-_-y05-11-41-Sa,PK0003436:2,ABLO:PK0003436:2:407,JP_21-407-_-y05-11-67-I-1,18:55:00,126,Saturday,377,tfl_21-407-_-y05-11_HygcEjI.xml
VJ_21-407-_-y05-11-42-Sa,PK0003436:2,ABLO:PK0003436:2:407,JP_21-407-_-y05-11-67-I-1,19:10:00,128,Saturday,378,tfl_21-407-_-y05-11_HygcEjI.xml
VJ_21-407-_-y05-11-43-Sa,PK0003436:2,ABLO:PK0003436:2:407,JP_21-407-_-y05-11-69-I-1,18:25:00,122,Saturday,375,tfl_21-407-_-y05-11_HygcEjI.xml
VJ_21-407-_-y05-11-44-Sa,PK0003436:2,ABLO:PK0003436:2:407,JP_21-407-_-y05-11-75-I-1,18:10:00,120,Saturday,374,tfl_21-407-_-y05-11_HygcEjI.xml
VJ_21-407-_-y05-11-45-Sa,PK0003436:2,ABLO:PK0003436:2:407,JP_21-407-_-y05-11-76-I-1,09:17:00,36,Saturday,332,tfl_21-407-_-y05-11_HygcEjI.xml
VJ_21-407-_-y05-11-46-Sa,PK0003436:2,ABLO:PK0003436:2:407,JP_21-407-_-y05-11-77-I-1,09:29:00,38,Saturday,333,tfl_21-407-_-y05-11_HygcEjI.xml
VJ_21-407-_-y05-11-47-Sa,PK0003436:2,ABLO:PK0003436:2:407,JP_21-407-_-y05-11-89-I-1,09:38:00,40,Saturday,334,tfl_21-407-_-y05-11_HygcEjI.xml
VJ_21-407-_-y05-11-48-Sa,PK0003436:2,ABLO:PK0003436:2:407,JP_21-407-_-y05-11-90-I-1,09:50:00,42,Saturday,335,tfl_21-407-_-y05-11_HygcEjI.xml
VJ_21-407-_-y05-11-49-Sa,PK0003436:2,ABLO:PK0003436:2:407,JP_21-407-_-y05-11-91-I-1,10:01:00,44,Saturday,336,tfl_21-407-_-y05-11_HygcEjI.xml
VJ_21-407-_-y05-11-50-Sa,PK0003436:2,ABLO:PK0003436:2:407,JP_21-407-_-y05-11-92-I-1,10:13:00,46,Saturday,337,tfl_21-407-_-y05-11_HygcEjI.xml
VJ_21-407-_-y05-11-51-Sa,PK0003436:2,ABLO:PK0003436:2:407,JP_21-407-_-y05-11-105-I-1,10:23:00,48,Saturday,338,tfl_21-407-_-y05-11_HygcEjI.xml
VJ_21-407-_-y05-11-52-Sa,PK0003436:2,ABLO:PK0003436:2:407,JP_21-407-_-y05-11-106-I-1,10:33:00,50,Saturday,339,tfl_21-407-_-y05-11_HygcEjI.xml
VJ_21-407-_-y05-11-53-Sa,PK0003436:2,ABLO:PK0003436:2:407,JP_21-407-_-y05-11-106-I-1,10:46:00,52,Saturday,340,tfl_21-407-_-y05-11_HygcEjI.xml
VJ_21-407-_-y05-11-54-Sa,PK0003436:2,ABLO:PK0003436:2:407,JP_21-407-_-y05-11-107-I-1,10:58:00,54,Saturday,341,tfl_21-407-_-y05-11_HygcEjI.xml
VJ_21-407-_-y05-11-55-Sa,PK0003436:2,ABLO:PK0003436:2:407,JP_21-407-_-y05-11-108-I-1,11:10:00,56,Saturday,342,tfl_21-407-_-y05-11_HygcEjI.xml
VJ_21-407-_-y05-11-56-Sa,PK0003436:2,ABLO:PK0003436:2:407,JP_21-407-_-y05-11-109-I-1,17:55:00,118,Saturday,373,tfl_21-407-_-y05-11_HygcEjI.xml
VJ_21-407-_-y05-11-57-Sa,PK0003436:2,ABLO:PK0003436:2:407,JP_21-407-_-y05-11-110-I-1,17:40:00,116,Saturday,372,tfl_21-407-_-y05-11_HygcEjI.xml
VJ_21-407-_-y05-11-58-Sa,PK0003436:2,ABLO:PK0003436:2:407,JP_21-407-_-y05-11-111-I-1,17:26:00,114,Saturday,371,tfl_21-407-_-y05-11_HygcEjI.xml
VJ_21-407-_-y05-11-59-Sa,PK0003436:2,ABLO:PK0003436:2:407,JP_21-407-_-y05-11-112-I-1,17:13:00,112,Saturday,370,tfl_21-407-_-y05-11_HygcEjI.xml
VJ_21-407-_-y05-11-60-Sa,PK0003436:2,ABLO:PK0003436:2:407,JP_21-407-_-y05-11-113-I-1,17:00:00,110,Saturday,369,tfl_21-407-_-y05-11_HygcEjI.xml
VJ_21-407-_-y05-11-61-Sa,PK0003436:2,ABLO:PK0003436:2:407,JP_21-407-_-y05-11-115-I-1,16:47:00,108,Saturday,368,tfl_21-407-_-y05-11_HygcEjI.xml
VJ_21-407-_-y05-11-62-Sa,PK0003436:2,ABLO:PK0003436:2:407,JP_21-407-_-y05-11-117-I-1,16:34:00,106,Saturday,367,tfl_21-407-_-y05-11_HygcEjI.xml
VJ_21-407-_-y05-11-63-Sa,PK0003436:2,ABLO:PK0003436:2:407,JP_21-407-_-y05-11-118-I-1,16:21:00,104,Saturday,366,tfl_21-407-_-y05-11_HygcEjI.xml
VJ_21-407-_-y05-11-64-Sa,PK0003436:2,ABLO:PK0003436:2:407,JP_21-407-_-y05-11-119-I-1,16:08:00,102,Saturday,365,tfl_21-407-_-y05-11_HygcEjI.xml
VJ_21-407-_-y05-11-65-Sa,PK0003436:2,ABLO:PK0003436:2:407,JP_21-407-_-y05-11-120-I-1,15:55:00,100,Saturday,364,tfl_21-407-_-y05-11_HygcEjI.xml
VJ_21-407-_-y05-11-66-Sa,PK0003436:2,ABLO:PK0003436:2:407,JP_21-407-_-y05-11-121-I-1,15:29:00,96,Saturday,362,tfl_21-407-_-y05-11_HygcEjI.xml
VJ_21-407-_-y05-11-67-Sa,PK0003436:2,ABLO:PK0003436:2:407,JP_21-407-_-y05-11-121-I-1,15:42:00,98,Saturday,363,tfl_21-407-_-y05-11_HygcEjI.xml
VJ_21-407-_-y05-11-68-Sa,PK0003436:2,ABLO:PK0003436:2:407,JP_21-407-_-y05-11-122-I-1,15:16:00,94,Saturday,361,tfl_21-407-_-y05-11_HygcEjI.xml
VJ_21-407-_-y05-11-69-Sa,PK0003436:2,ABLO:PK0003436:2:407,JP_21-407-_-y05-11-128-I-1,15:03:00,92,Saturday,360,tfl_21-407-_-y05-11_HygcEjI.xml
VJ_21-407-_-y05-11-70-Sa,PK0003436:2,ABLO:PK0003436:2:407,JP_21-407-_-y05-11-130-I-1,14:50:00,90,Saturday,359,tfl_21-407-_-y05-11_HygcEjI.xml
VJ_21-407-_-y05-11-71-Sa,PK0003436:2,ABLO:PK0003436:2:407,JP_21-407-_-y05-11-131-I-1,14:24:00,86,Saturday,357,tfl_21-407-_-y05-11_HygcEjI.xml
VJ_21-407-_-y05-11-72-Sa,PK0003436:2,ABLO:PK0003436:2:407,JP_21-407-_-y05-11-131-I-1,14:37:00,88,Saturday,358,tfl_21-407-_-y05-11_HygcEjI.xml
VJ_21-407-_-y05-11-73-Sa,PK0003436:2,ABLO:PK0003436:2:407,JP_21-407-_-y05-11-134-I-1,11:22:00,58,Saturday,343,tfl_21-407-_-y05-11_HygcEjI.xml
VJ_21-407-_-y05-11-74-Sa,PK0003436:2,ABLO:PK0003436:2:407,JP_21-407-_-y05-11-135-I-1,11:35:00,60,Saturday,344,tfl_21-407-_-y05-11_HygcEjI.xml
VJ_21-407-_-y05-11-75-Sa,PK0003436:2,ABLO:PK0003436:2:407,JP_21-407-_-y05-11-136-I-1,13:19:00,76,Saturday,352,tfl_21-407-_-y05-11_HygcEjI.xml
VJ_21-407-_-y05-11-76-Sa,PK0003436:2,ABLO:PK0003436:2:407,JP_21-407-_-y05-11-136-I-1,13:32:00,78,Saturday,353,tfl_21-407-_-y05-11_HygcEjI.xml
VJ_21-407-_-y05-11-77-Sa,PK0003436:2,ABLO:PK0003436:2:407,JP_21-407-_-y05-11-136-I-1,13:45:00,80,Saturday,354,tfl_21-407-_-y05-11_HygcEjI.xml
VJ_21-407-_-y05-11-78-Sa,PK0003436:2,ABLO:PK0003436:2:407,JP_21-407-_-y05-11-136-I-1,13:58:00,82,Saturday,355,tfl_21-407-_-y05-11_HygcEjI.xml
VJ_21-407-_-y05-11-79-Sa,PK0003436:2,ABLO:PK0003436:2:407,JP_21-407-_-y05-11-136-I-1,14:11:00,84,Saturday,356,tfl_21-407-_-y05-11_HygcEjI.xml
VJ_21-407-_-y05-11-80-Sa,PK0003436:2,ABLO:PK0003436:2:407,JP_21-407-_-y05-11-137-I-1,11:48:00,62,Saturday,345,tfl_21-407-_-y05-11_HygcEjI.xml
VJ_21-407-_-y05-11-81-Sa,PK0003436:2,ABLO:PK0003436:2:407,JP_21-407-_-y05-11-137-I-1,12:01:00,64,Saturday,346,tfl_21-407-_-y05-11_HygcEjI.xml
VJ_21-407-_-y05-11-82-Sa,PK0003436:2,ABLO:PK0003436:2:407,JP_21-407-_-y05-11-137-I-1,12:14:00,66,Saturday,347,tfl_21-407-_-y05-11_HygcEjI.xml
VJ_21-407-_-y05-11-83-Sa,PK0003436:2,ABLO:PK0003436:2:407,JP_21-407-_-y05-11-138-I-1,13:06:00,74,Saturday,351,tfl_21-407-_-y05-11_HygcEjI.xml
VJ_21-407-_-y05-11-84-Sa,PK0003436:2,ABLO:PK0003436:2:407,JP_21-407-_-y05-11-139-I-1,12:53:00,72,Saturday,350,tfl_21-407-_-y05-11_HygcEjI.xml
VJ_21-407-_-y05-11-85-Sa,PK0003436:2,ABLO:PK0003436:2:407,JP_21-407-_-y05-11-140-I-1,12:40:00,70,Saturday,349,tfl_21-407-_-y05-11_HygcEjI.xml
VJ_21-407-_-y05-11-86-Sa,PK0003436:2,ABLO:PK0003436:2:407,JP_21-407-_-y05-11-141-I-1,12:27:00,68,Saturday,348,tfl_21-407-_-y05-11_HygcEjI.xml
VJ_21-407-_-y05-11-87-Sa,PK0003436:2,ABLO:PK0003436:2:407,JP_21-407-_-y05-11-6-O-2,23:55:00,159,Saturday,167,tfl_21-407-_-y05-11_HygcEjI.xml
VJ_21-407-_-y05-11-88-Sa,PK0003436:2,ABLO:PK0003436:2:407,JP_21-407-_-y05-11-6-O-2,00:10:00,161,Saturday,168,tfl_21-407-_-y05-11_HygcEjI.xml
VJ_21-407-_-y05-11-89-Sa,PK0003436:2,ABLO:PK0003436:2:407,JP_21-407-_-y05-11-6-O-2,00:25:00,163,Saturday,169,tfl_21-407-_-y05-11_HygcEjI.xml
VJ_21-407-_-y05-11-90-Sa,PK0003436:2,ABLO:PK0003436:2:407,JP_21-407-_-y05-11-6-O-2,00:40:00,165,Saturday,170,tfl_21-407-_-y05-11_HygcEjI.xml
VJ_21-407-_-y05-11-91-Sa,PK0003436:2,ABLO:PK0003436:2:407,JP_21-407-_-y05-11-7-O-2,05:00:00,1,Saturday,88,tfl_21-407-_-y05-11_HygcEjI.xml
VJ_21-407-_-y05-11-92-Sa,PK0003436:2,ABLO:PK0003436:2:407,JP_21-407-_-y05-11-8-O-2,05:20:00,3,Saturday,89,tfl_21-407-_-y05-11_HygcEjI.xml
VJ_21-407-_-y05-11-93-Sa,PK0003436:2,ABLO:PK0003436:2:407,JP_21-407-_-y05-11-8-O-2,05:40:00,5,Saturday,90,tfl_21-407-_-y05-11_HygcEjI.xml
VJ_21-407-_-y05-11-94-Sa,PK0003436:2,ABLO:PK0003436:2:407,JP_21-407-_-y05-11-12-O-2,23:40:00,157,Saturday,166,tfl_21-407-_-y05-11_HygcEjI.xml
VJ_21-407-_-y05-11-95-Sa,PK0003436:2,ABLO:PK0003436:2:407,JP_21-407-_-y05-11-16-O-2,23:10:00,153,Saturday,164,tfl_21-407-_-y05-11_HygcEjI.xml
VJ_21-407-_-y05-11-96-Sa,PK0003436:2,ABLO:PK0003436:2:407,JP_21-407-_-y05-11-16-O-2,23:25:00,155,Saturday,165,tfl_21-407-_-y05-11_HygcEjI.xml
VJ_21-407-_-y05-11-97-Sa,PK0003436:2,ABLO:PK0003436:2:407,JP_21-407-_-y05-11-17-O-2,22:55:00,151,Saturday,163,tfl_21-407-_-y05-11_HygcEjI.xml
VJ_21-407-_-y05-11-98-Sa,PK0003436:2,ABLO:PK0003436:2:407,JP_21-407-_-y05-11-18-O-2,06:00:00,7,Saturday,91,tfl_21-407-_-y05-11_HygcEjI.xml
VJ_21-407-_-y05-11-99-Sa,PK0003436:2,ABLO:PK0003436:2:407,JP_21-407-_-y05-11-23-O-2,22:40:00,149,Saturday,162,tfl_21-407-_-y05-11_HygcEjI.xml
VJ_21-407-_-y05-11-100-Sa,PK0003436:2,ABLO:PK0003436:2:407,JP_21-407-_-y05-11-24-O-2,22:10:00,145,Saturday,160,tfl_21-407-_-y05-11_HygcEjI.xml
VJ_21-407-_-y05-11-101-Sa,PK0003436:2,ABLO:PK0003436:2:407,JP_21-407-_-y05-11-24-O-2,22:25:00,147,Saturday,161,tfl_21-407-_-y05-11_HygcEjI.xml
VJ_21-407-_-y05-11-102-Sa,PK0003436:2,ABLO:PK0003436:2:407,JP_21-407-_-y05-11-25-O-2,06:20:00,9,Saturday,92,tfl_21-407-_-y05-11_HygcEjI.xml
VJ_21-407-_-y05-11-103-Sa,PK0003436:2,ABLO:PK0003436:2:407,JP_21-407-_-y05-11-26-O-2,06:40:00,11,Saturday,93,tfl_21-407-_-y05-11_HygcEjI.xml
VJ_21-407-_-y05-11-104-Sa,PK0003436:2,ABLO:PK0003436:2:407,JP_21-407-_-y05-11-29-O-2,07:00:00,13,Saturday,94,tfl_21-407-_-y05-11_HygcEjI.xml
VJ_21-407-_-y05-11-105-Sa,PK0003436:2,ABLO:PK0003436:2:407,JP_21-407-_-y05-11-30-O-2,07:20:00,15,Saturday,95,tfl_21-407-_-y05-11_HygcEjI.xml
VJ_21-407-_-y05-11-106-Sa,PK0003436:2,ABLO:PK0003436:2:407,JP_21-407-_-y05-11-37-O-2,21:55:00,143,Saturday,159,tfl_21-407-_-y05-11_HygcEjI.xml
VJ_21-407-_-y05-11-107-Sa,PK0003436:2,ABLO:PK0003436:2:407,JP_21-407-_-y05-11-39-O-2,21:10:00,137,Saturday,156,tfl_21-407-_-y05-11_HygcEjI.xml
VJ_21-407-_-y05-11-108-Sa,PK0003436:2,ABLO:PK0003436:2:407,JP_21-407-_-y05-11-40-O-2,20:55:00,135,Saturday,155,tfl_21-407-_-y05-11_HygcEjI.xml
VJ_21-407-_-y05-11-109-Sa,PK0003436:2,ABLO:PK0003436:2:407,JP_21-407-_-y05-11-41-O-2,21:40:00,141,Saturday,158,tfl_21-407-_-y05-11_HygcEjI.xml
VJ_21-407-_-y05-11-110-Sa,PK0003436:2,ABLO:PK0003436:2:407,JP_21-407-_-y05-11-42-O-2,21:25:00,139,Saturday,157,tfl_21-407-_-y05-11_HygcEjI.xml
VJ_21-407-_-y05-11-111-Sa,PK0003436:2,ABLO:PK0003436:2:407,JP_21-407-_-y05-11-50-O-2,20:40:00,133,Saturday,154,tfl_21-407-_-y05-11_HygcEjI.xml
VJ_21-407-_-y05-11-112-Sa,PK0003436:2,ABLO:PK0003436:2:407,JP_21-407-_-y05-11-52-O-2,08:10:00,21,Saturday,98,tfl_21-407-_-y05-11_HygcEjI.xml
VJ_21-407-_-y05-11-113-Sa,PK0003436:2,ABLO:PK0003436:2:407,JP_21-407-_-y05-11-55-O-2,08:40:00,25,Saturday,100,tfl_21-407-_-y05-11_HygcEjI.xml
VJ_21-407-_-y05-11-114-Sa,PK0003436:2,ABLO:PK0003436:2:407,JP_21-407-_-y05-11-56-O-2,08:25:00,23,Saturday,99,tfl_21-407-_-y05-11_HygcEjI.xml
VJ_21-407-_-y05-11-115-Sa,PK0003436:2,ABLO:PK0003436:2:407,JP_21-407-_-y05-11-57-O-2,07:40:00,17,Saturday,96,tfl_21-407-_-y05-11_HygcEjI.xml
VJ_21-407-_-y05-11-116-Sa,PK0003436:2,ABLO:PK0003436:2:407,JP_21-407-_-y05-11-57-O-2,07:55:00,19,Saturday,97,tfl_21-407-_-y05-11_HygcEjI.xml
VJ_21-407-_-y05-11-117-Sa,PK0003436:2,ABLO:PK0003436:2:407,JP_21-407-_-y05-11-58-O-2,20:10:00,129,Saturday,152,tfl_21-407-_-y05-11_HygcEjI.xml
VJ_21-407-_-y05-11-118-Sa,PK0003436:2,ABLO:PK0003436:2:407,JP_21-407-_-y05-11-58-O-2,20:25:00,131,Saturday,153,tfl_21-407-_-y05-11_HygcEjI.xml
VJ_21-407-_-y05-11-119-Sa,PK0003436:2,ABLO:PK0003436:2:407,JP_21-407-_-y05-11-59-O-2,19:40:00,125,Saturday,150,tfl_21-407-_-y05-11_HygcEjI.xml
VJ_21-407-_-y05-11-120-Sa,PK0003436:2,ABLO:PK0003436:2:407,JP_21-407-_-y05-11-59-O-2,19:55:00,127,Saturday,151,tfl_21-407-_-y05-11_HygcEjI.xml
VJ_21-407-_-y05-11-121-Sa,PK0003436:2,ABLO:PK0003436:2:407,JP_21-407-_-y05-11-60-O-2,19:25:00,123,Saturday,149,tfl_21-407-_-y05-11_HygcEjI.xml
VJ_21-407-_-y05-11-122-Sa,PK0003436:2,ABLO:PK0003436:2:407,JP_21-407-_-y05-11-61-O-2,19:10:00,121,Saturday,148,tfl_21-407-_-y05-11_HygcEjI.xml
VJ_21-407-_-y05-11-123-Sa,PK0003436:2,ABLO:PK0003436:2:407,JP_21-407-_-y05-11-73-O-2,08:53:00,27,Saturday,101,tfl_21-407-_-y05-11_HygcEjI.xml
VJ_21-407-_-y05-11-124-Sa,PK0003436:2,ABLO:PK0003436:2:407,JP_21-407-_-y05-11-75-O-2,09:06:00,29,Saturday,102,tfl_21-407-_-y05-11_HygcEjI.xml
VJ_21-407-_-y05-11-125-Sa,PK0003436:2,ABLO:PK0003436:2:407,JP_21-407-_-y05-11-75-O-2,09:19:00,31,Saturday,103,tfl_21-407-_-y05-11_HygcEjI.xml
VJ_21-407-_-y05-11-126-Sa,PK0003436:2,ABLO:PK0003436:2:407,JP_21-407-_-y05-11-76-O-2,18:55:00,119,Saturday,147,tfl_21-407-_-y05-11_HygcEjI.xml
VJ_21-407-_-y05-11-127-Sa,PK0003436:2,ABLO:PK0003436:2:407,JP_21-407-_-y05-11-82-O-2,18:40:00,117,Saturday,146,tfl_21-407-_-y05-11_HygcEjI.xml
VJ_21-407-_-y05-11-128-Sa,PK0003436:2,ABLO:PK0003436:2:407,JP_21-407-_-y05-11-84-O-2,18:12:00,113,Saturday,144,tfl_21-407-_-y05-11_HygcEjI.xml
VJ_21-407-_-y05-11-129-Sa,PK0003436:2,ABLO:PK0003436:2:407,JP_21-407-_-y05-11-84-O-2,18:25:00,115,Saturday,145,tfl_21-407-_-y05-11_HygcEjI.xml
VJ_21-407-_-y05-11-130-Sa,PK0003436:2,ABLO:PK0003436:2:407,JP_21-407-_-y05-11-85-O-2,17:59:00,111,Saturday,143,tfl_21-407-_-y05-11_HygcEjI.xml
VJ_21-407-_-y05-11-131-Sa,PK0003436:2,ABLO:PK0003436:2:407,JP_21-407-_-y05-11-89-O-2,09:32:00,33,Saturday,104,tfl_21-407-_-y05-11_HygcEjI.xml
VJ_21-407-_-y05-11-132-Sa,PK0003436:2,ABLO:PK0003436:2:407,JP_21-407-_-y05-11-89-O-2,09:45:00,35,Saturday,105,tfl_21-407-_-y05-11_HygcEjI.xml
VJ_21-407-_-y05-11-133-Sa,PK0003436:2,ABLO:PK0003436:2:407,JP_21-407-_-y05-11-90-O-2,10:11:00,39,Saturday,107,tfl_21-407-_-y05-11_HygcEjI.xml
VJ_21-407-_-y05-11-134-Sa,PK0003436:2,ABLO:PK0003436:2:407,JP_21-407-_-y05-11-91-O-2,17:46:00,109,Saturday,142,tfl_21-407-_-y05-11_HygcEjI.xml
VJ_21-407-_-y05-11-135-Sa,PK0003436:2,ABLO:PK0003436:2:407,JP_21-407-_-y05-11-93-O-2,09:58:00,37,Saturday,106,tfl_21-407-_-y05-11_HygcEjI.xml
VJ_21-407-_-y05-11-136-Sa,PK0003436:2,ABLO:PK0003436:2:407,JP_21-407-_-y05-11-98-O-2,10:24:00,41,Saturday,108,tfl_21-407-_-y05-11_HygcEjI.xml
VJ_21-407-_-y05-11-137-Sa,PK0003436:2,ABLO:PK0003436:2:407,JP_21-407-_-y05-11-113-O-2,17:33:00,107,Saturday,141,tfl_21-407-_-y05-11_HygcEjI.xml
VJ_21-407-_-y05-11-138-Sa,PK0003436:2,ABLO:PK0003436:2:407,JP_21-407-_-y05-11-115-O-2,16:41:00,99,Saturday,137,tfl_21-407-_-y05-11_HygcEjI.xml
VJ_21-407-_-y05-11-139-Sa,PK0003436:2,ABLO:PK0003436:2:407,JP_21-407-_-y05-11-115-O-2,17:07:00,103,Saturday,139,tfl_21-407-_-y05-11_HygcEjI.xml
VJ_21-407-_-y05-11-140-Sa,PK0003436:2,ABLO:PK0003436:2:407,JP_21-407-_-y05-11-116-O-2,15:36:00,89,Saturday,132,tfl_21-407-_-y05-11_HygcEjI.xml
VJ_21-407-_-y05-11-141-Sa,PK0003436:2,ABLO:PK0003436:2:407,JP_21-407-_-y05-11-116-O-2,16:02:00,93,Saturday,134,tfl_21-407-_-y05-11_HygcEjI.xml
VJ_21-407-_-y05-11-142-Sa,PK0003436:2,ABLO:PK0003436:2:407,JP_21-407-_-y05-11-116-O-2,16:15:00,95,Saturday,135,tfl_21-407-_-y05-11_HygcEjI.xml
VJ_21-407-_-y05-11-143-Sa,PK0003436:2,ABLO:PK0003436:2:407,JP_21-407-_-y05-11-118-O-2,15:10:00,85,Saturday,130,tfl_21-407-_-y05-11_HygcEjI.xml
VJ_21-407-_-y05-11-144-Sa,PK0003436:2,ABLO:PK0003436:2:407,JP_21-407-_-y05-11-118-O-2,15:23:00,87,Saturday,131,tfl_21-407-_-y05-11_HygcEjI.xml
VJ_21-407-_-y05-11-145-Sa,PK0003436:2,ABLO:PK0003436:2:407,JP_21-407-_-y05-11-119-O-2,14:57:00,83,Saturday,129,tfl_21-407-_-y05-11_HygcEjI.xml
VJ_21-407-_-y05-11-146-Sa,PK0003436:2,ABLO:PK0003436:2:407,JP_21-407-_-y05-11-120-O-2,14:18:00,77,Saturday,126,tfl_21-407-_-y05-11_HygcEjI.xml
VJ_21-407-_-y05-11-147-Sa,PK0003436:2,ABLO:PK0003436:2:407,JP_21-407-_-y05-11-121-O-2,14:31:00,79,Saturday,127,tfl_21-407-_-y05-11_HygcEjI.xml
VJ_21-407-_-y05-11-148-Sa,PK0003436:2,ABLO:PK0003436:2:407,JP_21-407-_-y05-11-121-O-2,14:44:00,81,Saturday,128,tfl_21-407-_-y05-11_HygcEjI.xml
VJ_21-407-_-y05-11-149-Sa,PK0003436:2,ABLO:PK0003436:2:407,JP_21-407-_-y05-11-128-O-2,10:37:00,43,Saturday,109,tfl_21-407-_-y05-11_HygcEjI.xml
VJ_21-407-_-y05-11-150-Sa,PK0003436:2,ABLO:PK0003436:2:407,JP_21-407-_-y05-11-129-O-2,17:20:00,105,Saturday,140,tfl_21-407-_-y05-11_HygcEjI.xml
VJ_21-407-_-y05-11-151-Sa,PK0003436:2,ABLO:PK0003436:2:407,JP_21-407-_-y05-11-130-O-2,11:16:00,49,Saturday,112,tfl_21-407-_-y05-11_HygcEjI.xml
VJ_21-407-_-y05-11-152-Sa,PK0003436:2,ABLO:PK0003436:2:407,JP_21-407-_-y05-11-131-O-2,11:42:00,53,Saturday,114,tfl_21-407-_-y05-11_HygcEjI.xml
VJ_21-407-_-y05-11-153-Sa,PK0003436:2,ABLO:PK0003436:2:407,JP_21-407-_-y05-11-132-O-2,11:29:00,51,Saturday,113,tfl_21-407-_-y05-11_HygcEjI.xml
VJ_21-407-_-y05-11-154-Sa,PK0003436:2,ABLO:PK0003436:2:407,JP_21-407-_-y05-11-137-O-2,16:28:00,97,Saturday,136,tfl_21-407-_-y05-11_HygcEjI.xml
VJ_21-407-_-y05-11-155-Sa,PK0003436:2,ABLO:PK0003436:2:407,JP_21-407-_-y05-11-137-O-2,16:54:00,101,Saturday,138,tfl_21-407-_-y05-11_HygcEjI.xml
VJ_21-407-_-y05-11-156-Sa,PK0003436:2,ABLO:PK0003436:2:407,JP_21-407-_-y05-11-138-O-2,15:49:00,91,Saturday,133,tfl_21-407-_-y05-11_HygcEjI.xml
VJ_21-407-_-y05-11-157-Sa,PK0003436:2,ABLO:PK0003436:2:407,JP_21-407-_-y05-11-139-O-2,10:50:00,45,Saturday,110,tfl_21-407-_-y05-11_HygcEjI.xml
VJ_21-407-_-y05-11-158-Sa,PK0003436:2,ABLO:PK0003436:2:407,JP_21-407-_-y05-11-140-O-2,11:03:00,47,Saturday,111,tfl_21-407-_-y05-11_HygcEjI.xml
VJ_21-407-_-y05-11-159-Sa,PK0003436:2,ABLO:PK0003436:2:407,JP_21-407-_-y05-11-143-O-2,13:52:00,73,Saturday,124,tfl_21-407-_-y05-11_HygcEjI.xml
VJ_21-407-_-y05-11-160-Sa,PK0003436:2,ABLO:PK0003436:2:407,JP_21-407-_-y05-11-144-O-2,14:05:00,75,Saturday,125,tfl_21-407-_-y05-11_HygcEjI.xml
VJ_21-407-_-y05-11-161-Sa,PK0003436:2,ABLO:PK0003436:2:407,JP_21-407-_-y05-11-146-O-2,11:55:00,55,Saturday,115,tfl_21-407-_-y05-11_HygcEjI.xml
VJ_21-407-_-y05-11-162-Sa,PK0003436:2,ABLO:PK0003436:2:407,JP_21-407-_-y05-11-148-O-2,12:34:00,61,Saturday,118,tfl_21-407-_-y05-11_HygcEjI.xml
VJ_21-407-_-y05-11-163-Sa,PK0003436:2,ABLO:PK0003436:2:407,JP_21-407-_-y05-11-148-O-2,12:47:00,63,Saturday,119,tfl_21-407-_-y05-11_HygcEjI.xml
VJ_21-407-_-y05-11-164-Sa,PK0003436:2,ABLO:PK0003436:2:407,JP_21-407-_-y05-11-149-O-2,13:13:00,67,Saturday,121,tfl_21-407-_-y05-11_HygcEjI.xml
VJ_21-407-_-y05-11-165-Sa,PK0003436:2,ABLO:PK0003436:2:407,JP_21-407-_-y05-11-149-O-2,13:26:00,69,Saturday,122,tfl_21-407-_-y05-11_HygcEjI.xml
VJ_21-407-_-y05-11-166-Sa,PK0003436:2,ABLO:PK0003436:2:407,JP_21-407-_-y05-11-150-O-2,13:39:00,71,Saturday,123,tfl_21-407-_-y05-11_HygcEjI.xml
VJ_21-407-_-y05-11-167-Sa,PK0003436:2,ABLO:PK0003436:2:407,JP_21-407-_-y05-11-151-O-2,13:00:00,65,Saturday,120,tfl_21-407-_-y05-11_HygcEjI.xml
VJ_21-407-_-y05-11-168-Sa,PK0003436:2,ABLO:PK0003436:2:407,JP_21-407-_-y05-11-156-O-2,12:08:00,57,Saturday,116,tfl_21-407-_-y05-11_HygcEjI.xml
VJ_21-407-_-y05-11-169-Sa,PK0003436:2,ABLO:PK0003436:2:407,JP_21-407-_-y05-11-156-O-2,12:21:00,59,Saturday,117,tfl_21-407-_-y05-11_HygcEjI.xml
VJ_21-407-_-y05-11-1-Su,PK0003436:2,ABLO:PK0003436:2:407,JP_21-407-_-y05-11-2-I-1,00:00:00,106,Sunday,453,tfl_21-407-_-y05-11_HygcEjI.xml
VJ_21-407-_-y05-11-2-Su,PK0003436:2,ABLO:PK0003436:2:407,JP_21-407-_-y05-11-2-I-1,00:20:00,108,Sunday,454,tfl_21-407-_-y05-11_HygcEjI.xml
VJ_21-407-_-y05-11-3-Su,PK0003436:2,ABLO:PK0003436:2:407,JP_21-407-_-y05-11-2-I-1,00:40:00,110,Sunday,455,tfl_21-407-_-y05-11_HygcEjI.xml
VJ_21-407-_-y05-11-4-Su,PK0003436:2,ABLO:PK0003436:2:407,JP_21-407-_-y05-11-3-I-1,23:40:00,104,Sunday,452,tfl_21-407-_-y05-11_HygcEjI.xml
VJ_21-407-_-y05-11-5-Su,PK0003436:2,ABLO:PK0003436:2:407,JP_21-407-_-y05-11-5-I-1,23:20:00,102,Sunday,451,tfl_21-407-_-y05-11_HygcEjI.xml
VJ_21-407-_-y05-11-6-Su,PK0003436:2,ABLO:PK0003436:2:407,JP_21-407-_-y05-11-7-I-1,22:40:00,98,Sunday,449,tfl_21-407-_-y05-11_HygcEjI.xml
VJ_21-407-_-y05-11-7-Su,PK0003436:2,ABLO:PK0003436:2:407,JP_21-407-_-y05-11-7-I-1,23:00:00,100,Sunday,450,tfl_21-407-_-y05-11_HygcEjI.xml
VJ_21-407-_-y05-11-8-Su,PK0003436:2,ABLO:PK0003436:2:407,JP_21-407-_-y05-11-9-I-1,22:20:00,96,Sunday,448,tfl_21-407-_-y05-11_HygcEjI.xml
VJ_21-407-_-y05-11-9-Su,PK0003436:2,ABLO:PK0003436:2:407,JP_21-407-_-y05-11-10-I-1,22:00:00,94,Sunday,447,tfl_21-407-_-y05-11_HygcEjI.xml
VJ_21-407-_-y05-11-10-Su,PK0003436:2,ABLO:PK0003436:2:407,JP_21-407-_-y05-11-15-I-1,07:00:00,2,Sunday,401,tfl_21-407-_-y05-11_HygcEjI.xml
VJ_21-407-_-y05-11-11-Su,PK0003436:2,ABLO:PK0003436:2:407,JP_21-407-_-y05-11-15-I-1,07:20:00,4,Sunday,402,tfl_21-407-_-y05-11_HygcEjI.xml
VJ_21-407-_-y05-11-12-Su,PK0003436:2,ABLO:PK0003436:2:407,JP_21-407-_-y05-11-17-I-1,07:40:00,6,Sunday,403,tfl_21-407-_-y05-11_HygcEjI.xml
VJ_21-407-_-y05-11-13-Su,PK0003436:2,ABLO:PK0003436:2:407,JP_21-407-_-y05-11-18-I-1,21:40:00,92,Sunday,446,tfl_21-407-_-y05-11_HygcEjI.xml
VJ_21-407-_-y05-11-14-Su,PK0003436:2,ABLO:PK0003436:2:407,JP_21-407-_-y05-11-22-I-1,21:20:00,90,Sunday,445,tfl_21-407-_-y05-11_HygcEjI.xml
VJ_21-407-_-y05-11-15-Su,PK0003436:2,ABLO:PK0003436:2:407,JP_21-407-_-y05-11-23-I-1,08:00:00,8,Sunday,404,tfl_21-407-_-y05-11_HygcEjI.xml
VJ_21-407-_-y05-11-16-Su,PK0003436:2,ABLO:PK0003436:2:407,JP_21-407-_-y05-11-24-I-1,21:00:00,88,Sunday,444,tfl_21-407-_-y05-11_HygcEjI.xml
VJ_21-407-_-y05-11-17-Su,PK0003436:2,ABLO:PK0003436:2:407,JP_21-407-_-y05-11-25-I-1,08:20:00,10,Sunday,405,tfl_21-407-_-y05-11_HygcEjI.xml
VJ_21-407-_-y05-11-18-Su,PK0003436:2,ABLO:PK0003436:2:407,JP_21-407-_-y05-11-30-I-1,20:00:00,82,Sunday,441,tfl_21-407-_-y05-11_HygcEjI.xml
VJ_21-407-_-y05-11-19-Su,PK0003436:2,ABLO:PK0003436:2:407,JP_21-407-_-y05-11-30-I-1,20:20:00,84,Sunday,442,tfl_21-407-_-y05-11_HygcEjI.xml
VJ_21-407-_-y05-11-20-Su,PK0003436:2,ABLO:PK0003436:2:407,JP_21-407-_-y05-11-30-I-1,20:40:00,86,Sunday,443,tfl_21-407-_-y05-11_HygcEjI.xml
VJ_21-407-_-y05-11-21-Su,PK0003436:2,ABLO:PK0003436:2:407,JP_21-407-_-y05-11-37-I-1,08:40:00,12,Sunday,406,tfl_21-407-_-y05-11_HygcEjI.xml
VJ_21-407-_-y05-11-22-Su,PK0003436:2,ABLO:PK0003436:2:407,JP_21-407-_-y05-11-38-I-1,09:00:00,14,Sunday,407,tfl_21-407-_-y05-11_HygcEjI.xml
VJ_21-407-_-y05-11-23-Su,PK0003436:2,ABLO:PK0003436:2:407,JP_21-407-_-y05-11-41-I-1,09:18:00,16,Sunday,408,tfl_21-407-_-y05-11_HygcEjI.xml
VJ_21-407-_-y05-11-24-Su,PK0003436:2,ABLO:PK0003436:2:407,JP_21-407-_-y05-11-43-I-1,19:40:00,80,Sunday,440,tfl_21-407-_-y05-11_HygcEjI.xml
VJ_21-407-_-y05-11-25-Su,PK0003436:2,ABLO:PK0003436:2:407,JP_21-407-_-y05-11-44-I-1,19:00:00,76,Sunday,438,tfl_21-407-_-y05-11_HygcEjI.xml
VJ_21-407-_-y05-11-26-Su,PK0003436:2,ABLO:PK0003436:2:407,JP_21-407-_-y05-11-44-I-1,19:20:00,78,Sunday,439,tfl_21-407-_-y05-11_HygcEjI.xml
VJ_21-407-_-y05-11-27-Su,PK0003436:2,ABLO:PK0003436:2:407,JP_21-407-_-y05-11-51-I-1,18:41:00,74,Sunday,437,tfl_21-407-_-y05-11_HygcEjI.xml
VJ_21-407-_-y05-11-28-Su,PK0003436:2,ABLO:PK0003436:2:407,JP_21-407-_-y05-11-57-I-1,09:36:00,18,Sunday,409,tfl_21-407-_-y05-11_HygcEjI.xml
VJ_21-407-_-y05-11-29-Su,PK0003436:2,ABLO:PK0003436:2:407,JP_21-407-_-y05-11-58-I-1,09:54:00,20,Sunday,410,tfl_21-407-_-y05-11_HygcEjI.xml
VJ_21-407-_-y05-11-30-Su,PK0003436:2,ABLO:PK0003436:2:407,JP_21-407-_-y05-11-59-I-1,10:12:00,22,Sunday,411,tfl_21-407-_-y05-11_HygcEjI.xml
VJ_21-407-_-y05-11-31-Su,PK0003436:2,ABLO:PK0003436:2:407,JP_21-407-_-y05-11-60-I-1,10:30:00,24,Sunday,412,tfl_21-407-_-y05-11_HygcEjI.xml
VJ_21-407-_-y05-11-32-Su,PK0003436:2,ABLO:PK0003436:2:407,JP_21-407-_-y05-11-63-I-1,18:22:00,72,Sunday,436,tfl_21-407-_-y05-11_HygcEjI.xml
VJ_21-407-_-y05-11-33-Su,PK0003436:2,ABLO:PK0003436:2:407,JP_21-407-_-y05-11-64-I-1,18:03:00,70,Sunday,435,tfl_21-407-_-y05-11_HygcEjI.xml
VJ_21-407-_-y05-11-34-Su,PK0003436:2,ABLO:PK0003436:2:407,JP_21-407-_-y05-11-65-I-1,17:05:00,64,Sunday,432,tfl_21-407-_-y05-11_HygcEjI.xml
VJ_21-407-_-y05-11-35-Su,PK0003436:2,ABLO:PK0003436:2:407,JP_21-407-_-y05-11-65-I-1,17:44:00,68,Sunday,434,tfl_21-407-_-y05-11_HygcEjI.xml
VJ_21-407-_-y05-11-36-Su,PK0003436:2,ABLO:PK0003436:2:407,JP_21-407-_-y05-11-66-I-1,17:25:00,66,Sunday,433,tfl_21-407-_-y05-11_HygcEjI.xml
VJ_21-407-_-y05-11-37-Su,PK0003436:2,ABLO:PK0003436:2:407,JP_21-407-_-y05-11-69-I-1,16:45:00,62,Sunday,431,tfl_21-407-_-y05-11_HygcEjI.xml
VJ_21-407-_-y05-11-38-Su,PK0003436:2,ABLO:PK0003436:2:407,JP_21-407-_-y05-11-71-I-1,16:25:00,60,Sunday,430,tfl_21-407-_-y05-11_HygcEjI.xml
VJ_21-407-_-y05-11-39-Su,PK0003436:2,ABLO:PK0003436:2:407,JP_21-407-_-y05-11-73-I-1,16:05:00,58,Sunday,429,tfl_21-407-_-y05-11_HygcEjI.xml
VJ_21-407-_-y05-11-40-Su,PK0003436:2,ABLO:PK0003436:2:407,JP_21-407-_-y05-11-74-I-1,15:45:00,56,Sunday,428,tfl_21-407-_-y05-11_HygcEjI.xml
VJ_21-407-_-y05-11-41-Su,PK0003436:2,ABLO:PK0003436:2:407,JP_21-407-_-y05-11-78-I-1,15:25:00,54,Sunday,427,tfl_21-407-_-y05-11_HygcEjI.xml
VJ_21-407-_-y05-11-42-Su,PK0003436:2,ABLO:PK0003436:2:407,JP_21-407-_-y05-11-79-I-1,15:05:00,52,Sunday,426,tfl_21-407-_-y05-11_HygcEjI.xml
VJ_21-407-_-y05-11-43-Su,PK0003436:2,ABLO:PK0003436:2:407,JP_21-407-_-y05-11-80-I-1,14:45:00,50,Sunday,425,tfl_21-407-_-y05-11_HygcEjI.xml
VJ_21-407-_-y05-11-44-Su,PK0003436:2,ABLO:PK0003436:2:407,JP_21-407-_-y05-11-81-I-1,14:25:00,48,Sunday,424,tfl_21-407-_-y05-11_HygcEjI.xml
VJ_21-407-_-y05-11-45-Su,PK0003436:2,ABLO:PK0003436:2:407,JP_21-407-_-y05-11-96-I-1,10:48:00,26,Sunday,413,tfl_21-407-_-y05-11_HygcEjI.xml
VJ_21-407-_-y05-11-46-Su,PK0003436:2,ABLO:PK0003436:2:407,JP_21-407-_-y05-11-97-I-1,11:06:00,28,Sunday,414,tfl_21-407-_-y05-11_HygcEjI.xml
VJ_21-407-_-y05-11-47-Su,PK0003436:2,ABLO:PK0003436:2:407,JP_21-407-_-y05-11-98-I-1,11:25:00,30,Sunday,415,tfl_21-407-_-y05-11_HygcEjI.xml
VJ_21-407-_-y05-11-48-Su,PK0003436:2,ABLO:PK0003436:2:407,JP_21-407-_-y05-11-98-I-1,11:45:00,32,Sunday,416,tfl_21-407-_-y05-11_HygcEjI.xml
VJ_21-407-_-y05-11-49-Su,PK0003436:2,ABLO:PK0003436:2:407,JP_21-407-_-y05-11-99-I-1,14:05:00,46,Sunday,423,tfl_21-407-_-y05-11_HygcEjI.xml
VJ_21-407-_-y05-11-50-Su,PK0003436:2,ABLO:PK0003436:2:407,JP_21-407-_-y05-11-100-I-1,13:45:00,44,Sunday,422,tfl_21-407-_-y05-11_HygcEjI.xml
VJ_21-407-_-y05-11-51-Su,PK0003436:2,ABLO:PK0003436:2:407,JP_21-407-_-y05-11-101-I-1,12:05:00,34,Sunday,417,tfl_21-407-_-y05-11_HygcEjI.xml
VJ_21-407-_-y05-11-52-Su,PK0003436:2,ABLO:PK0003436:2:407,JP_21-407-_-y05-11-102-I-1,13:25:00,42,Sunday,421,tfl_21-407-_-y05-11_HygcEjI.xml
VJ_21-407-_-y05-11-53-Su,PK0003436:2,ABLO:PK0003436:2:407,JP_21-407-_-y05-11-103-I-1,13:05:00,40,Sunday,420,tfl_21-407-_-y05-11_HygcEjI.xml
VJ_21-407-_-y05-11-54-Su,PK0003436:2,ABLO:PK0003436:2:407,JP_21-407-_-y05-11-126-I-1,12:25:00,36,Sunday,418,tfl_21-407-_-y05-11_HygcEjI.xml
VJ_21-407-_-y05-11-55-Su,PK0003436:2,ABLO:PK0003436:2:407,JP_21-407-_-y05-11-127-I-1,12:45:00,38,Sunday,419,tfl_21-407-_-y05-11_HygcEjI.xml
VJ_21-407-_-y05-11-56-Su,PK0003436:2,ABLO:PK0003436:2:407,JP_21-407-_-y05-11-1-O-2,00:00:00,105,Sunday,223,tfl_21-407-_-y05-11_HygcEjI.xml
VJ_21-407-_-y05-11-57-Su,PK0003436:2,ABLO:PK0003436:2:407,JP_21-407-_-y05-11-1-O-2,00:20:00,107,Sunday,224,tfl_21-407-_-y05-11_HygcEjI.xml
VJ_21-407-_-y05-11-58-Su,PK0003436:2,ABLO:PK0003436:2:407,JP_21-407-_-y05-11-1-O-2,00:40:00,109,Sunday,225,tfl_21-407-_-y05-11_HygcEjI.xml
VJ_21-407-_-y05-11-59-Su,PK0003436:2,ABLO:PK0003436:2:407,JP_21-407-_-y05-11-3-O-2,23:40:00,103,Sunday,222,tfl_21-407-_-y05-11_HygcEjI.xml
VJ_21-407-_-y05-11-60-Su,PK0003436:2,ABLO:PK0003436:2:407,JP_21-407-_-y05-11-11-O-2,06:55:00,1,Sunday,171,tfl_21-407-_-y05-11_HygcEjI.xml
VJ_21-407-_-y05-11-61-Su,PK0003436:2,ABLO:PK0003436:2:407,JP_21-407-_-y05-11-13-O-2,07:15:00,3,Sunday,172,tfl_21-407-_-y05-11_HygcEjI.xml
VJ_21-407-_-y05-11-62-Su,PK0003436:2,ABLO:PK0003436:2:407,JP_21-407-_-y05-11-19-O-2,22:40:00,97,Sunday,219,tfl_21-407-_-y05-11_HygcEjI.xml
VJ_21-407-_-y05-11-63-Su,PK0003436:2,ABLO:PK0003436:2:407,JP_21-407-_-y05-11-20-O-2,07:35:00,5,Sunday,173,tfl_21-407-_-y05-11_HygcEjI.xml
VJ_21-407-_-y05-11-64-Su,PK0003436:2,ABLO:PK0003436:2:407,JP_21-407-_-y05-11-21-O-2,21:20:00,89,Sunday,215,tfl_21-407-_-y05-11_HygcEjI.xml
VJ_21-407-_-y05-11-65-Su,PK0003436:2,ABLO:PK0003436:2:407,JP_21-407-_-y05-11-21-O-2,21:40:00,91,Sunday,216,tfl_21-407-_-y05-11_HygcEjI.xml
VJ_21-407-_-y05-11-66-Su,PK0003436:2,ABLO:PK0003436:2:407,JP_21-407-_-y05-11-22-O-2,21:00:00,87,Sunday,214,tfl_21-407-_-y05-11_HygcEjI.xml
VJ_21-407-_-y05-11-67-Su,PK0003436:2,ABLO:PK0003436:2:407,JP_21-407-_-y05-11-28-O-2,07:55:00,7,Sunday,174,tfl_21-407-_-y05-11_HygcEjI.xml
VJ_21-407-_-y05-11-68-Su,PK0003436:2,ABLO:PK0003436:2:407,JP_21-407-_-y05-11-32-O-2,22:20:00,95,Sunday,218,tfl_21-407-_-y05-11_HygcEjI.xml
VJ_21-407-_-y05-11-69-Su,PK0003436:2,ABLO:PK0003436:2:407,JP_21-407-_-y05-11-33-O-2,22:00:00,93,Sunday,217,tfl_21-407-_-y05-11_HygcEjI.xml
VJ_21-407-_-y05-11-70-Su,PK0003436:2,ABLO:PK0003436:2:407,JP_21-407-_-y05-11-34-O-2,23:00:00,99,Sunday,220,tfl_21-407-_-y05-11_HygcEjI.xml
VJ_21-407-_-y05-11-71-Su,PK0003436:2,ABLO:PK0003436:2:407,JP_21-407-_-y05-11-34-O-2,23:20:00,101,Sunday,221,tfl_21-407-_-y05-11_HygcEjI.xml
VJ_21-407-_-y05-11-72-Su,PK0003436:2,ABLO:PK0003436:2:407,JP_21-407-_-y05-11-38-O-2,08:15:00,9,Sunday,175,tfl_21-407-_-y05-11_HygcEjI.xml
VJ_21-407-_-y05-11-73-Su,PK0003436:2,ABLO:PK0003436:2:407,JP_21-407-_-y05-11-43-O-2,20:40:00,85,Sunday,213,tfl_21-407-_-y05-11_HygcEjI.xml
VJ_21-407-_-y05-11-74-Su,PK0003436:2,ABLO:PK0003436:2:407,JP_21-407-_-y05-11-44-O-2,20:20:00,83,Sunday,212,tfl_21-407-_-y05-11_HygcEjI.xml
VJ_21-407-_-y05-11-75-Su,PK0003436:2,ABLO:PK0003436:2:407,JP_21-407-_-y05-11-45-O-2,20:00:00,81,Sunday,211,tfl_21-407-_-y05-11_HygcEjI.xml
VJ_21-407-_-y05-11-76-Su,PK0003436:2,ABLO:PK0003436:2:407,JP_21-407-_-y05-11-46-O-2,08:34:00,11,Sunday,176,tfl_21-407-_-y05-11_HygcEjI.xml
VJ_21-407-_-y05-11-77-Su,PK0003436:2,ABLO:PK0003436:2:407,JP_21-407-_-y05-11-48-O-2,19:39:00,79,Sunday,210,tfl_21-407-_-y05-11_HygcEjI.xml
VJ_21-407-_-y05-11-78-Su,PK0003436:2,ABLO:PK0003436:2:407,JP_21-407-_-y05-11-51-O-2,19:18:00,77,Sunday,209,tfl_21-407-_-y05-11_HygcEjI.xml
VJ_21-407-_-y05-11-79-Su,PK0003436:2,ABLO:PK0003436:2:407,JP_21-407-_-y05-11-53-O-2,08:53:00,13,Sunday,177,tfl_21-407-_-y05-11_HygcEjI.xml
VJ_21-407-_-y05-11-80-Su,PK0003436:2,ABLO:PK0003436:2:407,JP_21-407-_-y05-11-54-O-2,09:12:00,15,Sunday,178,tfl_21-407-_-y05-11_HygcEjI.xml
VJ_21-407-_-y05-11-81-Su,PK0003436:2,ABLO:PK0003436:2:407,JP_21-407-_-y05-11-63-O-2,18:57:00,75,Sunday,208,tfl_21-407-_-y05-11_HygcEjI.xml
VJ_21-407-_-y05-11-82-Su,PK0003436:2,ABLO:PK0003436:2:407,JP_21-407-_-y05-11-66-O-2,09:30:00,17,Sunday,179,tfl_21-407-_-y05-11_HygcEjI.xml
VJ_21-407-_-y05-11-83-Su,PK0003436:2,ABLO:PK0003436:2:407,JP_21-407-_-y05-11-69-O-2,09:48:00,19,Sunday,180,tfl_21-407-_-y05-11_HygcEjI.xml
VJ_21-407-_-y05-11-84-Su,PK0003436:2,ABLO:PK0003436:2:407,JP_21-407-_-y05-11-70-O-2,10:06:00,21,Sunday,181,tfl_21-407-_-y05-11_HygcEjI.xml
VJ_21-407-_-y05-11-85-Su,PK0003436:2,ABLO:PK0003436:2:407,JP_21-407-_-y05-11-71-O-2,18:37:00,73,Sunday,207,tfl_21-407-_-y05-11_HygcEjI.xml
VJ_21-407-_-y05-11-86-Su,PK0003436:2,ABLO:PK0003436:2:407,JP_21-407-_-y05-11-72-O-2,10:24:00,23,Sunday,182,tfl_21-407-_-y05-11_HygcEjI.xml
VJ_21-407-_-y05-11-87-Su,PK0003436:2,ABLO:PK0003436:2:407,JP_21-407-_-y05-11-74-O-2,17:57:00,69,Sunday,205,tfl_21-407-_-y05-11_HygcEjI.xml
VJ_21-407-_-y05-11-88-Su,PK0003436:2,ABLO:PK0003436:2:407,JP_21-407-_-y05-11-74-O-2,18:17:00,71,Sunday,206,tfl_21-407-_-y05-11_HygcEjI.xml
VJ_21-407-_-y05-11-89-Su,PK0003436:2,ABLO:PK0003436:2:407,JP_21-407-_-y05-11-81-O-2,10:42:00,25,Sunday,183,tfl_21-407-_-y05-11_HygcEjI.xml
VJ_21-407-_-y05-11-90-Su,PK0003436:2,ABLO:PK0003436:2:407,JP_21-407-_-y05-11-86-O-2,11:00:00,27,Sunday,184,tfl_21-407-_-y05-11_HygcEjI.xml
VJ_21-407-_-y05-11-91-Su,PK0003436:2,ABLO:PK0003436:2:407,JP_21-407-_-y05-11-87-O-2,11:20:00,29,Sunday,185,tfl_21-407-_-y05-11_HygcEjI.xml
VJ_21-407-_-y05-11-92-Su,PK0003436:2,ABLO:PK0003436:2:407,JP_21-407-_-y05-11-87-O-2,11:39:00,31,Sunday,186,tfl_21-407-_-y05-11_HygcEjI.xml
VJ_21-407-_-y05-11-93-Su,PK0003436:2,ABLO:PK0003436:2:407,JP_21-407-_-y05-11-88-O-2,11:58:00,33,Sunday,187,tfl_21-407-_-y05-11_HygcEjI.xml
VJ_21-407-_-y05-11-94-Su,PK0003436:2,ABLO:PK0003436:2:407,JP_21-407-_-y05-11-92-O-2,17:37:00,67,Sunday,204,tfl_21-407-_-y05-11_HygcEjI.xml
VJ_21-407-_-y05-11-95-Su,PK0003436:2,ABLO:PK0003436:2:407,JP_21-407-_-y05-11-94-O-2,16:37:00,61,Sunday,201,tfl_21-407-_-y05-11_HygcEjI.xml
VJ_21-407-_-y05-11-96-Su,PK0003436:2,ABLO:PK0003436:2:407,JP_21-407-_-y05-11-104-O-2,17:17:00,65,Sunday,203,tfl_21-407-_-y05-11_HygcEjI.xml
VJ_21-407-_-y05-11-97-Su,PK0003436:2,ABLO:PK0003436:2:407,JP_21-407-_-y05-11-105-O-2,16:57:00,63,Sunday,202,tfl_21-407-_-y05-11_HygcEjI.xml
VJ_21-407-_-y05-11-98-Su,PK0003436:2,ABLO:PK0003436:2:407,JP_21-407-_-y05-11-107-O-2,12:17:00,35,Sunday,188,tfl_21-407-_-y05-11_HygcEjI.xml
VJ_21-407-_-y05-11-99-Su,PK0003436:2,ABLO:PK0003436:2:407,JP_21-407-_-y05-11-107-O-2,12:37:00,37,Sunday,189,tfl_21-407-_-y05-11_HygcEjI.xml
VJ_21-407-_-y05-11-100-Su,PK0003436:2,ABLO:PK0003436:2:407,JP_21-407-_-y05-11-109-O-2,15:57:00,57,Sunday,199,tfl_21-407-_-y05-11_HygcEjI.xml
VJ_21-407-_-y05-11-101-Su,PK0003436:2,ABLO:PK0003436:2:407,JP_21-407-_-y05-11-110-O-2,15:37:00,55,Sunday,198,tfl_21-407-_-y05-11_HygcEjI.xml
VJ_21-407-_-y05-11-102-Su,PK0003436:2,ABLO:PK0003436:2:407,JP_21-407-_-y05-11-111-O-2,15:17:00,53,Sunday,197,tfl_21-407-_-y05-11_HygcEjI.xml
VJ_21-407-_-y05-11-103-Su,PK0003436:2,ABLO:PK0003436:2:407,JP_21-407-_-y05-11-114-O-2,14:57:00,51,Sunday,196,tfl_21-407-_-y05-11_HygcEjI.xml
VJ_21-407-_-y05-11-104-Su,PK0003436:2,ABLO:PK0003436:2:407,JP_21-407-_-y05-11-117-O-2,12:57:00,39,Sunday,190,tfl_21-407-_-y05-11_HygcEjI.xml
VJ_21-407-_-y05-11-105-Su,PK0003436:2,ABLO:PK0003436:2:407,JP_21-407-_-y05-11-117-O-2,13:17:00,41,Sunday,191,tfl_21-407-_-y05-11_HygcEjI.xml
VJ_21-407-_-y05-11-106-Su,PK0003436:2,ABLO:PK0003436:2:407,JP_21-407-_-y05-11-124-O-2,16:17:00,59,Sunday,200,tfl_21-407-_-y05-11_HygcEjI.xml
VJ_21-407-_-y05-11-107-Su,PK0003436:2,ABLO:PK0003436:2:407,JP_21-407-_-y05-11-133-O-2,13:57:00,45,Sunday,193,tfl_21-407-_-y05-11_HygcEjI.xml
VJ_21-407-_-y05-11-108-Su,PK0003436:2,ABLO:PK0003436:2:407,JP_21-407-_-y05-11-134-O-2,13:37:00,43,Sunday,192,tfl_21-407-_-y05-11_HygcEjI.xml
VJ_21-407-_-y05-11-109-Su,PK0003436:2,ABLO:PK0003436:2:407,JP_21-407-_-y05-11-135-O-2,14:37:00,49,Sunday,195,tfl_21-407-_-y05-11_HygcEjI.xml
VJ_21-407-_-y05-11-110-Su,PK0003436:2,ABLO:PK0003436:2:407,JP_21-407-_-y05-11-136-O-2,14:17:00,47,Sunday,194,tfl_21-407-_-y05-11_HygcEjI.xml
VJ_21-407-_-y05-11-1-MF,PK0003436:2,ABLO:PK0003436:2:407,JP_21-407-_-y05-11-1-I-1,00:25:00,176,"Monday,Tuesday,Wednesday,Thursday,Friday",313,tfl_21-407-_-y05-11_HygcEjI.xml
VJ_21-407-_-y05-11-2-MF,PK0003436:2,ABLO:PK0003436:2:407,JP_21-407-_-y05-11-1-I-1,00:40:00,178,"Monday,Tuesday,Wednesday,Thursday,Friday",314,tfl_21-407-_-y05-11_HygcEjI.xml
VJ_21-407-_-y05-11-3-MF,PK0003436:2,ABLO:PK0003436:2:407,JP_21-407-_-y05-11-3-I-1,23:55:00,172,"Monday,Tuesday,Wednesday,Thursday,Friday",311,tfl_21-407-_-y05-11_HygcEjI.xml
VJ_21-407-_-y05-11-4-MF,PK0003436:2,ABLO:PK0003436:2:407,JP_21-407-_-y05-11-3-I-1,00:10:00,174,"Monday,Tuesday,Wednesday,Thursday,Friday",312,tfl_21-407-_-y05-11_HygcEjI.xml
VJ_21-407-_-y05-11-5-MF,PK0003436:2,ABLO:PK0003436:2:407,JP_21-407-_-y05-11-5-I-1,23:40:00,170,"Monday,Tuesday,Wednesday,Thursday,Friday",310,tfl_21-407-_-y05-11_HygcEjI.xml
VJ_21-407-_-y05-11-6-MF,PK0003436:2,ABLO:PK0003436:2:407,JP_21-407-_-y05-11-7-I-1,23:25:00,168,"Monday,Tuesday,Wednesday,Thursday,Friday",309,tfl_21-407-_-y05-11_HygcEjI.xml
VJ_21-407-_-y05-11-7-MF,PK0003436:2,ABLO:PK0003436:2:407,JP_21-407-_-y05-11-8-I-1,23:10:00,166,"Monday,Tuesday,Wednesday,Thursday,Friday",308,tfl_21-407-_-y05-11_HygcEjI.xml
VJ_21-407-_-y05-11-8-MF,PK0003436:2,ABLO:PK0003436:2:407,JP_21-407-_-y05-11-11-I-1,22:40:00,162,"Monday,Tuesday,Wednesday,Thursday,Friday",306,tfl_21-407-_-y05-11_HygcEjI.xml
VJ_21-407-_-y05-11-9-MF,PK0003436:2,ABLO:PK0003436:2:407,JP_21-407-_-y05-11-11-I-1,22:55:00,164,"Monday,Tuesday,Wednesday,Thursday,Friday",307,tfl_21-407-_-y05-11_HygcEjI.xml
VJ_21-407-_-y05-11-10-MF,PK0003436:2,ABLO:PK0003436:2:407,JP_21-407-_-y05-11-12-I-1,22:25:00,160,"Monday,Tuesday,Wednesday,Thursday,Friday",305,tfl_21-407-_-y05-11_HygcEjI.xml
VJ_21-407-_-y05-11-11-MF,PK0003436:2,ABLO:PK0003436:2:407,JP_21-407-_-y05-11-21-I-1,22:10:00,158,"Monday,Tuesday,Wednesday,Thursday,Friday",304,tfl_21-407-_-y05-11_HygcEjI.xml
VJ_21-407-_-y05-11-12-MF,PK0003436:2,ABLO:PK0003436:2:407,JP_21-407-_-y05-11-22-I-1,21:55:00,156,"Monday,Tuesday,Wednesday,Thursday,Friday",303,tfl_21-407-_-y05-11_HygcEjI.xml
VJ_21-407-_-y05-11-13-MF,PK0003436:2,ABLO:PK0003436:2:407,JP_21-407-_-y05-11-26-I-1,05:00:00,2,"Monday,Tuesday,Wednesday,Thursday,Friday",226,tfl_21-407-_-y05-11_HygcEjI.xml
VJ_21-407-_-y05-11-14-MF,PK0003436:2,ABLO:PK0003436:2:407,JP_21-407-_-y05-11-27-I-1,21:40:00,154,"Monday,Tuesday,Wednesday,Thursday,Friday",302,tfl_21-407-_-y05-11_HygcEjI.xml
VJ_21-407-_-y05-11-15-MF,PK0003436:2,ABLO:PK0003436:2:407,JP_21-407-_-y05-11-32-I-1,20:55:00,148,"Monday,Tuesday,Wednesday,Thursday,Friday",299,tfl_21-407-_-y05-11_HygcEjI.xml
VJ_21-407-_-y05-11-16-MF,PK0003436:2,ABLO:PK0003436:2:407,JP_21-407-_-y05-11-32-I-1,21:25:00,152,"Monday,Tuesday,Wednesday,Thursday,Friday",301,tfl_21-407-_-y05-11_HygcEjI.xml
VJ_21-407-_-y05-11-17-MF,PK0003436:2,ABLO:PK0003436:2:407,JP_21-407-_-y05-11-33-I-1,20:40:00,146,"Monday,Tuesday,Wednesday,Thursday,Friday",298,tfl_21-407-_-y05-11_HygcEjI.xml
VJ_21-407-_-y05-11-18-MF,PK0003436:2,ABLO:PK0003436:2:407,JP_21-407-_-y05-11-34-I-1,21:10:00,150,"Monday,Tuesday,Wednesday,Thursday,Friday",300,tfl_21-407-_-y05-11_HygcEjI.xml
VJ_21-407-_-y05-11-19-MF,PK0003436:2,ABLO:PK0003436:2:407,JP_21-407-_-y05-11-36-I-1,20:25:00,144,"Monday,Tuesday,Wednesday,Thursday,Friday",297,tfl_21-407-_-y05-11_HygcEjI.xml
VJ_21-407-_-y05-11-20-MF,PK0003436:2,ABLO:PK0003436:2:407,JP_21-407-_-y05-11-42-I-1,05:20:00,4,"Monday,Tuesday,Wednesday,Thursday,Friday",227,tfl_21-407-_-y05-11_HygcEjI.xml
VJ_21-407-_-y05-11-21-MF,PK0003436:2,ABLO:PK0003436:2:407,JP_21-407-_-y05-11-46-I-1,20:10:00,142,"Monday,Tuesday,Wednesday,Thursday,Friday",296,tfl_21-407-_-y05-11_HygcEjI.xml
VJ_21-407-_-y05-11-22-MF,PK0003436:2,ABLO:PK0003436:2:407,JP_21-407-_-y05-11-47-I-1,05:40:00,6,"Monday,Tuesday,Wednesday,Thursday,Friday",228,tfl_21-407-_-y05-11_HygcEjI.xml
VJ_21-407-_-y05-11-23-MF,PK0003436:2,ABLO:PK0003436:2:407,JP_21-407-_-y05-11-49-I-1,19:55:00,140,"Monday,Tuesday,Wednesday,Thursday,Friday",295,tfl_21-407-_-y05-11_HygcEjI.xml
VJ_21-407-_-y05-11-24-MF,PK0003436:2,ABLO:PK0003436:2:407,JP_21-407-_-y05-11-61-I-1,19:40:00,138,"Monday,Tuesday,Wednesday,Thursday,Friday",294,tfl_21-407-_-y05-11_HygcEjI.xml
VJ_21-407-_-y05-11-25-MF,PK0003436:2,ABLO:PK0003436:2:407,JP_21-407-_-y05-11-68-I-1,06:00:00,8,"Monday,Tuesday,Wednesday,Thursday,Friday",229,tfl_21-407-_-y05-11_HygcEjI.xml
VJ_21-407-_-y05-11-26-MF,PK0003436:2,ABLO:PK0003436:2:407,JP_21-407-_-y05-11-70-I-1,19:25:00,136,"Monday,Tuesday,Wednesday,Thursday,Friday",293,tfl_21-407-_-y05-11_HygcEjI.xml
VJ_21-407-_-y05-11-27-MF,PK0003436:2,ABLO:PK0003436:2:407,JP_21-407-_-y05-11-72-I-1,19:10:00,134,"Monday,Tuesday,Wednesday,Thursday,Friday",292,tfl_21-407-_-y05-11_HygcEjI.xml
VJ_21-407-_-y05-11-28-MF,PK0003436:2,ABLO:PK0003436:2:407,JP_21-407-_-y05-11-82-I-1,11:33:00,64,"Monday,Tuesday,Wednesday,Thursday,Friday",257,tfl_21-407-_-y05-11_HygcEjI.xml
VJ_21-407-_-y05-11-29-MF,PK0003436:2,ABLO:PK0003436:2:407,JP_21-407-_-y05-11-82-I-1,11:46:00,66,"Monday,Tuesday,Wednesday,Thursday,Friday",258,tfl_21-407-_-y05-11_HygcEjI.xml
VJ_21-407-_-y05-11-30-MF,PK0003436:2,ABLO:PK0003436:2:407,JP_21-407-_-y05-11-82-I-1,11:59:00,68,"Monday,Tuesday,Wednesday,Thursday,Friday",259,tfl_21-407-_-y05-11_HygcEjI.xml
VJ_21-407-_-y05-11-31-MF,PK0003436:2,ABLO:PK0003436:2:407,JP_21-407-_-y05-11-82-I-1,12:12:00,70,"Monday,Tuesday,Wednesday,Thursday,Friday",260,tfl_21-407-_-y05-11_HygcEjI.xml
VJ_21-407-_-y05-11-32-MF,PK0003436:2,ABLO:PK0003436:2:407,JP_21-407-_-y05-11-82-I-1,12:25:00,72,"Monday,Tuesday,Wednesday,Thursday,Friday",261,tfl_21-407-_-y05-11_HygcEjI.xml
VJ_21-407-_-y05-11-33-MF,PK0003436:2,ABLO:PK0003436:2:407,JP_21-407-_-y05-11-83-I-1,12:38:00,74,"Monday,Tuesday,Wednesday,Thursday,Friday",262,tfl_21-407-_-y05-11_HygcEjI.xml
VJ_21-407-_-y05-11-34-MF,PK0003436:2,ABLO:PK0003436:2:407,JP_21-407-_-y05-11-84-I-1,12:51:00,76,"Monday,Tuesday,Wednesday,Thursday,Friday",263,tfl_21-407-_-y05-11_HygcEjI.xml
VJ_21-407-_-y05-11-35-MF,PK0003436:2,ABLO:PK0003436:2:407,JP_21-407-_-y05-11-85-I-1,13:04:00,78,"Monday,Tuesday,Wednesday,Thursday,Friday",264,tfl_21-407-_-y05-11_HygcEjI.xml
VJ_21-407-_-y05-11-36-MF,PK0003436:2,ABLO:PK0003436:2:407,JP_21-407-_-y05-11-86-I-1,13:17:00,80,"Monday,Tuesday,Wednesday,Thursday,Friday",265,tfl_21-407-_-y05-11_HygcEjI.xml
VJ_21-407-_-y05-11-37-MF,PK0003436:2,ABLO:PK0003436:2:407,JP_21-407-_-y05-11-86-I-1,13:30:00,82,"Monday,Tuesday,Wednesday,Thursday,Friday",266,tfl_21-407-_-y05-11_HygcEjI.xml
VJ_21-407-_-y05-11-38-MF,PK0003436:2,ABLO:PK0003436:2:407,JP_21-407-_-y05-11-87-I-1,06:13:00,10,"Monday,Tuesday,Wednesday,Thursday,Friday",230,tfl_21-407-_-y05-11_HygcEjI.xml
VJ_21-407-_-y05-11-39-MF,PK0003436:2,ABLO:PK0003436:2:407,JP_21-407-_-y05-11-88-I-1,06:24:00,12,"Monday,Tuesday,Wednesday,Thursday,Friday",231,tfl_21-407-_-y05-11_HygcEjI.xml
VJ_21-407-_-y05-11-40-MF,PK0003436:2,ABLO:PK0003436:2:407,JP_21-407-_-y05-11-93-I-1,10:15:00,52,"Monday,Tuesday,Wednesday,Thursday,Friday",251,tfl_21-407-_-y05-11_HygcEjI.xml
VJ_21-407-_-y05-11-41-MF,PK0003436:2,ABLO:PK0003436:2:407,JP_21-407-_-y05-11-93-I-1,10:28:00,54,"Monday,Tuesday,Wednesday,Thursday,Friday",252,tfl_21-407-_-y05-11_HygcEjI.xml
VJ_21-407-_-y05-11-42-MF,PK0003436:2,ABLO:PK0003436:2:407,JP_21-407-_-y05-11-94-I-1,10:41:00,56,"Monday,Tuesday,Wednesday,Thursday,Friday",253,tfl_21-407-_-y05-11_HygcEjI.xml
VJ_21-407-_-y05-11-43-MF,PK0003436:2,ABLO:PK0003436:2:407,JP_21-407-_-y05-11-94-I-1,10:54:00,58,"Monday,Tuesday,Wednesday,Thursday,Friday",254,tfl_21-407-_-y05-11_HygcEjI.xml
VJ_21-407-_-y05-11-44-MF,PK0003436:2,ABLO:PK0003436:2:407,JP_21-407-_-y05-11-94-I-1,11:20:00,62,"Monday,Tuesday,Wednesday,Thursday,Friday",256,tfl_21-407-_-y05-11_HygcEjI.xml
VJ_21-407-_-y05-11-45-MF,PK0003436:2,ABLO:PK0003436:2:407,JP_21-407-_-y05-11-95-I-1,11:07:00,60,"Monday,Tuesday,Wednesday,Thursday,Friday",255,tfl_21-407-_-y05-11_HygcEjI.xml
VJ_21-407-_-y05-11-46-MF,PK0003436:2,ABLO:PK0003436:2:407,JP_21-407-_-y05-11-104-I-1,13:43:00,84,"Monday,Tuesday,Wednesday,Thursday,Friday",267,tfl_21-407-_-y05-11_HygcEjI.xml
VJ_21-407-_-y05-11-47-MF,PK0003436:2,ABLO:PK0003436:2:407,JP_21-407-_-y05-11-114-I-1,18:55:00,132,"Monday,Tuesday,Wednesday,Thursday,Friday",291,tfl_21-407-_-y05-11_HygcEjI.xml
VJ_21-407-_-y05-11-48-MF,PK0003436:2,ABLO:PK0003436:2:407,JP_21-407-_-y05-11-116-I-1,18:29:00,128,"Monday,Tuesday,Wednesday,Thursday,Friday",289,tfl_21-407-_-y05-11_HygcEjI.xml
VJ_21-407-_-y05-11-49-MF,PK0003436:2,ABLO:PK0003436:2:407,JP_21-407-_-y05-11-116-I-1,18:42:00,130,"Monday,Tuesday,Wednesday,Thursday,Friday",290,tfl_21-407-_-y05-11_HygcEjI.xml
VJ_21-407-_-y05-11-50-MF,PK0003436:2,ABLO:PK0003436:2:407,JP_21-407-_-y05-11-123-I-1,18:16:00,126,"Monday,Tuesday,Wednesday,Thursday,Friday",288,tfl_21-407-_-y05-11_HygcEjI.xml
VJ_21-407-_-y05-11-51-MF,PK0003436:2,ABLO:PK0003436:2:407,JP_21-407-_-y05-11-124-I-1,06:30:00,14,"Monday,Tuesday,Wednesday,Thursday,Friday",232,tfl_21-407-_-y05-11_HygcEjI.xml
VJ_21-407-_-y05-11-52-MF,PK0003436:2,ABLO:PK0003436:2:407,JP_21-407-_-y05-11-125-I-1,09:49:00,48,"Monday,Tuesday,Wednesday,Thursday,Friday",249,tfl_21-407-_-y05-11_HygcEjI.xml
VJ_21-407-_-y05-11-53-MF,PK0003436:2,ABLO:PK0003436:2:407,JP_21-407-_-y05-11-125-I-1,10:02:00,50,"Monday,Tuesday,Wednesday,Thursday,Friday",250,tfl_21-407-_-y05-11_HygcEjI.xml
VJ_21-407-_-y05-11-54-MF,PK0003436:2,ABLO:PK0003436:2:407,JP_21-407-_-y05-11-129-I-1,18:04:00,124,"Monday,Tuesday,Wednesday,Thursday,Friday",287,tfl_21-407-_-y05-11_HygcEjI.xml
VJ_21-407-_-y05-11-55-MF,PK0003436:2,ABLO:PK0003436:2:407,JP_21-407-_-y05-11-132-I-1,13:56:00,86,"Monday,Tuesday,Wednesday,Thursday,Friday",268,tfl_21-407-_-y05-11_HygcEjI.xml
VJ_21-407-_-y05-11-56-MF,PK0003436:2,ABLO:PK0003436:2:407,JP_21-407-_-y05-11-133-I-1,09:23:00,44,"Monday,Tuesday,Wednesday,Thursday,Friday",247,tfl_21-407-_-y05-11_HygcEjI.xml
VJ_21-407-_-y05-11-57-MF,PK0003436:2,ABLO:PK0003436:2:407,JP_21-407-_-y05-11-133-I-1,09:36:00,46,"Monday,Tuesday,Wednesday,Thursday,Friday",248,tfl_21-407-_-y05-11_HygcEjI.xml
VJ_21-407-_-y05-11-58-MF,PK0003436:2,ABLO:PK0003436:2:407,JP_21-407-_-y05-11-142-I-1,14:22:00,90,"Monday,Tuesday,Wednesday,Thursday,Friday",270,tfl_21-407-_-y05-11_HygcEjI.xml
VJ_21-407-_-y05-11-59-MF,PK0003436:2,ABLO:PK0003436:2:407,JP_21-407-_-y05-11-143-I-1,14:09:00,88,"Monday,Tuesday,Wednesday,Thursday,Friday",269,tfl_21-407-_-y05-11_HygcEjI.xml
VJ_21-407-_-y05-11-60-MF,PK0003436:2,ABLO:PK0003436:2:407,JP_21-407-_-y05-11-144-I-1,15:14:00,98,"Monday,Tuesday,Wednesday,Thursday,Friday",274,tfl_21-407-_-y05-11_HygcEjI.xml
VJ_21-407-_-y05-11-61-MF,PK0003436:2,ABLO:PK0003436:2:407,JP_21-407-_-y05-11-145-I-1,14:35:00,92,"Monday,Tuesday,Wednesday,Thursday,Friday",271,tfl_21-407-_-y05-11_HygcEjI.xml
VJ_21-407-_-y05-11-62-MF,PK0003436:2,ABLO:PK0003436:2:407,JP_21-407-_-y05-11-146-I-1,15:01:00,96,"Monday,Tuesday,Wednesday,Thursday,Friday",273,tfl_21-407-_-y05-11_HygcEjI.xml
VJ_21-407-_-y05-11-63-MF,PK0003436:2,ABLO:PK0003436:2:407,JP_21-407-_-y05-11-147-I-1,14:48:00,94,"Monday,Tuesday,Wednesday,Thursday,Friday",272,tfl_21-407-_-y05-11_HygcEjI.xml
VJ_21-407-_-y05-11-64-MF,PK0003436:2,ABLO:PK0003436:2:407,JP_21-407-_-y05-11-148-I-1,06:40:00,16,"Monday,Tuesday,Wednesday,Thursday,Friday",233,tfl_21-407-_-y05-11_HygcEjI.xml
VJ_21-407-_-y05-11-65-MF,PK0003436:2,ABLO:PK0003436:2:407,JP_21-407-_-y05-11-149-I-1,06:48:00,18,"Monday,Tuesday,Wednesday,Thursday,Friday",234,tfl_21-407-_-y05-11_HygcEjI.xml
VJ_21-407-_-y05-11-66-MF,PK0003436:2,ABLO:PK0003436:2:407,JP_21-407-_-y05-11-150-I-1,09:10:00,42,"Monday,Tuesday,Wednesday,Thursday,Friday",246,tfl_21-407-_-y05-11_HygcEjI.xml
VJ_21-407-_-y05-11-67-MF,PK0003436:2,ABLO:PK0003436:2:407,JP_21-407-_-y05-11-151-I-1,07:01:00,20,"Monday,Tuesday,Wednesday,Thursday,Friday",235,tfl_21-407-_-y05-11_HygcEjI.xml
VJ_21-407-_-y05-11-68-MF,PK0003436:2,ABLO:PK0003436:2:407,JP_21-407-_-y05-11-152-I-1,07:13:00,22,"Monday,Tuesday,Wednesday,Thursday,Friday",236,tfl_21-407-_-y05-11_HygcEjI.xml
VJ_21-407-_-y05-11-69-MF,PK0003436:2,ABLO:PK0003436:2:407,JP_21-407-_-y05-11-153-I-1,17:53:00,122,"Monday,Tuesday,Wednesday,Thursday,Friday",286,tfl_21-407-_-y05-11_HygcEjI.xml
VJ_21-407-_-y05-11-70-MF,PK0003436:2,ABLO:PK0003436:2:407,JP_21-407-_-y05-11-154-I-1,17:42:00,120,"Monday,Tuesday,Wednesday,Thursday,Friday",285,tfl_21-407-_-y05-11_HygcEjI.xml
VJ_21-407-_-y05-11-71-MF,PK0003436:2,ABLO:PK0003436:2:407,JP_21-407-_-y05-11-155-I-1,17:16:00,116,"Monday,Tuesday,Wednesday,Thursday,Friday",283,tfl_21-407-_-y05-11_HygcEjI.xml
VJ_21-407-_-y05-11-72-MF,PK0003436:2,ABLO:PK0003436:2:407,JP_21-407-_-y05-11-156-I-1,17:02:00,114,"Monday,Tuesday,Wednesday,Thursday,Friday",282,tfl_21-407-_-y05-11_HygcEjI.xml
VJ_21-407-_-y05-11-73-MF,PK0003436:2,ABLO:PK0003436:2:407,JP_21-407-_-y05-11-157-I-1,16:48:00,112,"Monday,Tuesday,Wednesday,Thursday,Friday",281,tfl_21-407-_-y05-11_HygcEjI.xml
VJ_21-407-_-y05-11-74-MF,PK0003436:2,ABLO:PK0003436:2:407,JP_21-407-_-y05-11-158-I-1,17:29:00,118,"Monday,Tuesday,Wednesday,Thursday,Friday",284,tfl_21-407-_-y05-11_HygcEjI.xml
VJ_21-407-_-y05-11-75-MF,PK0003436:2,ABLO:PK0003436:2:407,JP_21-407-_-y05-11-159-I-1,15:27:00,100,"Monday,Tuesday,Wednesday,Thursday,Friday",275,tfl_21-407-_-y05-11_HygcEjI.xml
VJ_21-407-_-y05-11-76-MF,PK0003436:2,ABLO:PK0003436:2:407,JP_21-407-_-y05-11-160-I-1,16:32:00,110,"Monday,Tuesday,Wednesday,Thursday,Friday",280,tfl_21-407-_-y05-11_HygcEjI.xml
VJ_21-407-_-y05-11-77-MF,PK0003436:2,ABLO:PK0003436:2:407,JP_21-407-_-y05-11-161-I-1,16:19:00,108,"Monday,Tuesday,Wednesday,Thursday,Friday",279,tfl_21-407-_-y05-11_HygcEjI.xml
VJ_21-407-_-y05-11-78-MF,PK0003436:2,ABLO:PK0003436:2:407,JP_21-407-_-y05-11-162-I-1,15:53:00,104,"Monday,Tuesday,Wednesday,Thursday,Friday",277,tfl_21-407-_-y05-11_HygcEjI.xml
VJ_21-407-_-y05-11-79-MF,PK0003436:2,ABLO:PK0003436:2:407,JP_21-407-_-y05-11-162-I-1,16:06:00,106,"Monday,Tuesday,Wednesday,Thursday,Friday",278,tfl_21-407-_-y05-11_HygcEjI.xml
VJ_21-407-_-y05-11-80-MF,PK0003436:2,ABLO:PK0003436:2:407,JP_21-407-_-y05-11-163-I-1,15:40:00,102,"Monday,Tuesday,Wednesday,Thursday,Friday",276,tfl_21-407-_-y05-11_HygcEjI.xml
VJ_21-407-_-y05-11-81-MF,PK0003436:2,ABLO:PK0003436:2:407,JP_21-407-_-y05-11-164-I-1,08:44:00,38,"Monday,Tuesday,Wednesday,Thursday,Friday",244,tfl_21-407-_-y05-11_HygcEjI.xml
VJ_21-407-_-y05-11-82-MF,PK0003436:2,ABLO:PK0003436:2:407,JP_21-407-_-y05-11-164-I-1,08:57:00,40,"Monday,Tuesday,Wednesday,Thursday,Friday",245,tfl_21-407-_-y05-11_HygcEjI.xml
VJ_21-407-_-y05-11-83-MF,PK0003436:2,ABLO:PK0003436:2:407,JP_21-407-_-y05-11-165-I-1,08:31:00,36,"Monday,Tuesday,Wednesday,Thursday,Friday",243,tfl_21-407-_-y05-11_HygcEjI.xml
VJ_21-407-_-y05-11-84-MF,PK0003436:2,ABLO:PK0003436:2:407,JP_21-407-_-y05-11-166-I-1,08:18:00,34,"Monday,Tuesday,Wednesday,Thursday,Friday",242,tfl_21-407-_-y05-11_HygcEjI.xml
VJ_21-407-_-y05-11-85-MF,PK0003436:2,ABLO:PK0003436:2:407,JP_21-407-_-y05-11-167-I-1,07:25:00,24,"Monday,Tuesday,Wednesday,Thursday,Friday",237,tfl_21-407-_-y05-11_HygcEjI.xml
VJ_21-407-_-y05-11-86-MF,PK0003436:2,ABLO:PK0003436:2:407,JP_21-407-_-y05-11-168-I-1,08:05:00,32,"Monday,Tuesday,Wednesday,Thursday,Friday",241,tfl_21-407-_-y05-11_HygcEjI.xml
VJ_21-407-_-y05-11-87-MF,PK0003436:2,ABLO:PK0003436:2:407,JP_21-407-_-y05-11-169-I-1,07:33:00,26,"Monday,Tuesday,Wednesday,Thursday,Friday",238,tfl_21-407-_-y05-11_HygcEjI.xml
VJ_21-407-_-y05-11-88-MF,PK0003436:2,ABLO:PK0003436:2:407,JP_21-407-_-y05-11-170-I-1,07:40:00,28,"Monday,Tuesday,Wednesday,Thursday,Friday",239,tfl_21-407-_-y05-11_HygcEjI.xml
VJ_21-407-_-y05-11-89-MF,PK0003436:2,ABLO:PK0003436:2:407,JP_21-407-_-y05-11-171-I-1,07:52:00,30,"Monday,Tuesday,Wednesday,Thursday,Friday",240,tfl_21-407-_-y05-11_HygcEjI.xml
VJ_21-407-_-y05-11-90-MF,PK0003436:2,ABLO:PK0003436:2:407,JP_21-407-_-y05-11-1-O-2,00:40:00,173,"Monday,Tuesday,Wednesday,Thursday,Friday",87,tfl_21-407-_-y05-11_HygcEjI.xml
VJ_21-407-_-y05-11-91-MF,PK0003436:2,ABLO:PK0003436:2:407,JP_21-407-_-y05-11-2-O-2,00:10:00,169,"Monday,Tuesday,Wednesday,Thursday,Friday",85,tfl_21-407-_-y05-11_HygcEjI.xml
VJ_21-407-_-y05-11-92-MF,PK0003436:2,ABLO:PK0003436:2:407,JP_21-407-_-y05-11-2-O-2,00:25:00,171,"Monday,Tuesday,Wednesday,Thursday,Friday",86,tfl_21-407-_-y05-11_HygcEjI.xml
VJ_21-407-_-y05-11-93-MF,PK0003436:2,ABLO:PK0003436:2:407,JP_21-407-_-y05-11-4-O-2,05:00:00,1,"Monday,Tuesday,Wednesday,Thursday,Friday",1,tfl_21-407-_-y05-11_HygcEjI.xml
VJ_21-407-_-y05-11-94-MF,PK0003436:2,ABLO:PK0003436:2:407,JP_21-407-_-y05-11-5-O-2,05:20:00,3,"Monday,Tuesday,Wednesday,Thursday,Friday",2,tfl_21-407-_-y05-11_HygcEjI.xml
VJ_21-407-_-y05-11-95-MF,PK0003436:2,ABLO:PK0003436:2:407,JP_21-407-_-y05-11-9-O-2,23:55:00,167,"Monday,Tuesday,Wednesday,Thursday,Friday",84,tfl_21-407-_-y05-11_HygcEjI.xml
VJ_21-407-_-y05-11-96-MF,PK0003436:2,ABLO:PK0003436:2:407,JP_21-407-_-y05-11-10-O-2,23:10:00,161,"Monday,Tuesday,Wednesday,Thursday,Friday",81,tfl_21-407-_-y05-11_HygcEjI.xml
VJ_21-407-_-y05-11-97-MF,PK0003436:2,ABLO:PK0003436:2:407,JP_21-407-_-y05-11-10-O-2,23:25:00,163,"Monday,Tuesday,Wednesday,Thursday,Friday",82,tfl_21-407-_-y05-11_HygcEjI.xml
VJ_21-407-_-y05-11-98-MF,PK0003436:2,ABLO:PK0003436:2:407,JP_21-407-_-y05-11-10-O-2,23:40:00,165,"Monday,Tuesday,Wednesday,Thursday,Friday",83,tfl_21-407-_-y05-11_HygcEjI.xml
VJ_21-407-_-y05-11-99-MF,PK0003436:2,ABLO:PK0003436:2:407,JP_21-407-_-y05-11-14-O-2,22:55:00,159,"Monday,Tuesday,Wednesday,Thursday,Friday",80,tfl_21-407-_-y05-11_HygcEjI.xml
VJ_21-407-_-y05-11-100-MF,PK0003436:2,ABLO:PK0003436:2:407,JP_21-407-_-y05-11-15-O-2,22:40:00,157,"Monday,Tuesday,Wednesday,Thursday,Friday",79,tfl_21-407-_-y05-11_HygcEjI.xml
VJ_21-407-_-y05-11-101-MF,PK0003436:2,ABLO:PK0003436:2:407,JP_21-407-_-y05-11-21-O-2,22:25:00,155,"Monday,Tuesday,Wednesday,Thursday,Friday",78,tfl_21-407-_-y05-11_HygcEjI.xml
VJ_21-407-_-y05-11-102-MF,PK0003436:2,ABLO:PK0003436:2:407,JP_21-407-_-y05-11-27-O-2,05:40:00,5,"Monday,Tuesday,Wednesday,Thursday,Friday",3,tfl_21-407-_-y05-11_HygcEjI.xml
VJ_21-407-_-y05-11-103-MF,PK0003436:2,ABLO:PK0003436:2:407,JP_21-407-_-y05-11-31-O-2,05:55:00,7,"Monday,Tuesday,Wednesday,Thursday,Friday",4,tfl_21-407-_-y05-11_HygcEjI.xml
VJ_21-407-_-y05-11-104-MF,PK0003436:2,ABLO:PK0003436:2:407,JP_21-407-_-y05-11-35-O-2,21:55:00,151,"Monday,Tuesday,Wednesday,Thursday,Friday",76,tfl_21-407-_-y05-11_HygcEjI.xml
VJ_21-407-_-y05-11-105-MF,PK0003436:2,ABLO:PK0003436:2:407,JP_21-407-_-y05-11-35-O-2,22:10:00,153,"Monday,Tuesday,Wednesday,Thursday,Friday",77,tfl_21-407-_-y05-11_HygcEjI.xml
VJ_21-407-_-y05-11-106-MF,PK0003436:2,ABLO:PK0003436:2:407,JP_21-407-_-y05-11-36-O-2,21:40:00,149,"Monday,Tuesday,Wednesday,Thursday,Friday",75,tfl_21-407-_-y05-11_HygcEjI.xml
VJ_21-407-_-y05-11-107-MF,PK0003436:2,ABLO:PK0003436:2:407,JP_21-407-_-y05-11-43-O-2,21:25:00,147,"Monday,Tuesday,Wednesday,Thursday,Friday",74,tfl_21-407-_-y05-11_HygcEjI.xml
VJ_21-407-_-y05-11-108-MF,PK0003436:2,ABLO:PK0003436:2:407,JP_21-407-_-y05-11-47-O-2,20:40:00,141,"Monday,Tuesday,Wednesday,Thursday,Friday",71,tfl_21-407-_-y05-11_HygcEjI.xml
VJ_21-407-_-y05-11-109-MF,PK0003436:2,ABLO:PK0003436:2:407,JP_21-407-_-y05-11-47-O-2,20:55:00,143,"Monday,Tuesday,Wednesday,Thursday,Friday",72,tfl_21-407-_-y05-11_HygcEjI.xml
VJ_21-407-_-y05-11-110-MF,PK0003436:2,ABLO:PK0003436:2:407,JP_21-407-_-y05-11-47-O-2,21:10:00,145,"Monday,Tuesday,Wednesday,Thursday,Friday",73,tfl_21-407-_-y05-11_HygcEjI.xml
VJ_21-407-_-y05-11-111-MF,PK0003436:2,ABLO:PK0003436:2:407,JP_21-407-_-y05-11-49-O-2,06:10:00,9,"Monday,Tuesday,Wednesday,Thursday,Friday",5,tfl_21-407-_-y05-11_HygcEjI.xml
VJ_21-407-_-y05-11-112-MF,PK0003436:2,ABLO:PK0003436:2:407,JP_21-407-_-y05-11-62-O-2,20:25:00,139,"Monday,Tuesday,Wednesday,Thursday,Friday",70,tfl_21-407-_-y05-11_HygcEjI.xml
VJ_21-407-_-y05-11-113-MF,PK0003436:2,ABLO:PK0003436:2:407,JP_21-407-_-y05-11-64-O-2,20:10:00,137,"Monday,Tuesday,Wednesday,Thursday,Friday",69,tfl_21-407-_-y05-11_HygcEjI.xml
VJ_21-407-_-y05-11-114-MF,PK0003436:2,ABLO:PK0003436:2:407,JP_21-407-_-y05-11-65-O-2,06:25:00,11,"Monday,Tuesday,Wednesday,Thursday,Friday",6,tfl_21-407-_-y05-11_HygcEjI.xml
VJ_21-407-_-y05-11-115-MF,PK0003436:2,ABLO:PK0003436:2:407,JP_21-407-_-y05-11-66-O-2,19:55:00,135,"Monday,Tuesday,Wednesday,Thursday,Friday",68,tfl_21-407-_-y05-11_HygcEjI.xml
VJ_21-407-_-y05-11-116-MF,PK0003436:2,ABLO:PK0003436:2:407,JP_21-407-_-y05-11-67-O-2,06:37:00,13,"Monday,Tuesday,Wednesday,Thursday,Friday",7,tfl_21-407-_-y05-11_HygcEjI.xml
VJ_21-407-_-y05-11-117-MF,PK0003436:2,ABLO:PK0003436:2:407,JP_21-407-_-y05-11-68-O-2,19:42:00,133,"Monday,Tuesday,Wednesday,Thursday,Friday",67,tfl_21-407-_-y05-11_HygcEjI.xml
VJ_21-407-_-y05-11-118-MF,PK0003436:2,ABLO:PK0003436:2:407,JP_21-407-_-y05-11-77-O-2,19:16:00,129,"Monday,Tuesday,Wednesday,Thursday,Friday",65,tfl_21-407-_-y05-11_HygcEjI.xml
VJ_21-407-_-y05-11-119-MF,PK0003436:2,ABLO:PK0003436:2:407,JP_21-407-_-y05-11-77-O-2,19:29:00,131,"Monday,Tuesday,Wednesday,Thursday,Friday",66,tfl_21-407-_-y05-11_HygcEjI.xml
VJ_21-407-_-y05-11-120-MF,PK0003436:2,ABLO:PK0003436:2:407,JP_21-407-_-y05-11-78-O-2,19:03:00,127,"Monday,Tuesday,Wednesday,Thursday,Friday",64,tfl_21-407-_-y05-11_HygcEjI.xml
VJ_21-407-_-y05-11-121-MF,PK0003436:2,ABLO:PK0003436:2:407,JP_21-407-_-y05-11-79-O-2,06:45:00,15,"Monday,Tuesday,Wednesday,Thursday,Friday",8,tfl_21-407-_-y05-11_HygcEjI.xml
VJ_21-407-_-y05-11-122-MF,PK0003436:2,ABLO:PK0003436:2:407,JP_21-407-_-y05-11-80-O-2,06:58:00,17,"Monday,Tuesday,Wednesday,Thursday,Friday",9,tfl_21-407-_-y05-11_HygcEjI.xml
VJ_21-407-_-y05-11-123-MF,PK0003436:2,ABLO:PK0003436:2:407,JP_21-407-_-y05-11-83-O-2,18:50:00,125,"Monday,Tuesday,Wednesday,Thursday,Friday",63,tfl_21-407-_-y05-11_HygcEjI.xml
VJ_21-407-_-y05-11-124-MF,PK0003436:2,ABLO:PK0003436:2:407,JP_21-407-_-y05-11-95-O-2,09:57:00,43,"Monday,Tuesday,Wednesday,Thursday,Friday",22,tfl_21-407-_-y05-11_HygcEjI.xml
VJ_21-407-_-y05-11-125-MF,PK0003436:2,ABLO:PK0003436:2:407,JP_21-407-_-y05-11-95-O-2,10:10:00,45,"Monday,Tuesday,Wednesday,Thursday,Friday",23,tfl_21-407-_-y05-11_HygcEjI.xml
VJ_21-407-_-y05-11-126-MF,PK0003436:2,ABLO:PK0003436:2:407,JP_21-407-_-y05-11-95-O-2,10:23:00,47,"Monday,Tuesday,Wednesday,Thursday,Friday",24,tfl_21-407-_-y05-11_HygcEjI.xml
VJ_21-407-_-y05-11-127-MF,PK0003436:2,ABLO:PK0003436:2:407,JP_21-407-_-y05-11-95-O-2,10:36:00,49,"Monday,Tuesday,Wednesday,Thursday,Friday",25,tfl_21-407-_-y05-11_HygcEjI.xml
VJ_21-407-_-y05-11-128-MF,PK0003436:2,ABLO:PK0003436:2:407,JP_21-407-_-y05-11-96-O-2,10:49:00,51,"Monday,Tuesday,Wednesday,Thursday,Friday",26,tfl_21-407-_-y05-11_HygcEjI.xml
VJ_21-407-_-y05-11-129-MF,PK0003436:2,ABLO:PK0003436:2:407,JP_21-407-_-y05-11-96-O-2,11:02:00,53,"Monday,Tuesday,Wednesday,Thursday,Friday",27,tfl_21-407-_-y05-11_HygcEjI.xml
VJ_21-407-_-y05-11-130-MF,PK0003436:2,ABLO:PK0003436:2:407,JP_21-407-_-y05-11-97-O-2,11:15:00,55,"Monday,Tuesday,Wednesday,Thursday,Friday",28,tfl_21-407-_-y05-11_HygcEjI.xml
VJ_21-407-_-y05-11-131-MF,PK0003436:2,ABLO:PK0003436:2:407,JP_21-407-_-y05-11-97-O-2,11:28:00,57,"Monday,Tuesday,Wednesday,Thursday,Friday",29,tfl_21-407-_-y05-11_HygcEjI.xml
VJ_21-407-_-y05-11-132-MF,PK0003436:2,ABLO:PK0003436:2:407,JP_21-407-_-y05-11-97-O-2,11:41:00,59,"Monday,Tuesday,Wednesday,Thursday,Friday",30,tfl_21-407-_-y05-11_HygcEjI.xml
VJ_21-407-_-y05-11-133-MF,PK0003436:2,ABLO:PK0003436:2:407,JP_21-407-_-y05-11-99-O-2,11:54:00,61,"Monday,Tuesday,Wednesday,Thursday,Friday",31,tfl_21-407-_-y05-11_HygcEjI.xml
VJ_21-407-_-y05-11-134-MF,PK0003436:2,ABLO:PK0003436:2:407,JP_21-407-_-y05-11-99-O-2,12:07:00,63,"Monday,Tuesday,Wednesday,Thursday,Friday",32,tfl_21-407-_-y05-11_HygcEjI.xml
VJ_21-407-_-y05-11-135-MF,PK0003436:2,ABLO:PK0003436:2:407,JP_21-407-_-y05-11-100-O-2,12:20:00,65,"Monday,Tuesday,Wednesday,Thursday,Friday",33,tfl_21-407-_-y05-11_HygcEjI.xml
VJ_21-407-_-y05-11-136-MF,PK0003436:2,ABLO:PK0003436:2:407,JP_21-407-_-y05-11-101-O-2,12:33:00,67,"Monday,Tuesday,Wednesday,Thursday,Friday",34,tfl_21-407-_-y05-11_HygcEjI.xml
VJ_21-407-_-y05-11-137-MF,PK0003436:2,ABLO:PK0003436:2:407,JP_21-407-_-y05-11-102-O-2,12:46:00,69,"Monday,Tuesday,Wednesday,Thursday,Friday",35,tfl_21-407-_-y05-11_HygcEjI.xml
VJ_21-407-_-y05-11-138-MF,PK0003436:2,ABLO:PK0003436:2:407,JP_21-407-_-y05-11-103-O-2,12:59:00,71,"Monday,Tuesday,Wednesday,Thursday,Friday",36,tfl_21-407-_-y05-11_HygcEjI.xml
VJ_21-407-_-y05-11-139-MF,PK0003436:2,ABLO:PK0003436:2:407,JP_21-407-_-y05-11-103-O-2,13:12:00,73,"Monday,Tuesday,Wednesday,Thursday,Friday",37,tfl_21-407-_-y05-11_HygcEjI.xml
VJ_21-407-_-y05-11-140-MF,PK0003436:2,ABLO:PK0003436:2:407,JP_21-407-_-y05-11-106-O-2,18:37:00,123,"Monday,Tuesday,Wednesday,Thursday,Friday",62,tfl_21-407-_-y05-11_HygcEjI.xml
VJ_21-407-_-y05-11-141-MF,PK0003436:2,ABLO:PK0003436:2:407,JP_21-407-_-y05-11-108-O-2,07:11:00,19,"Monday,Tuesday,Wednesday,Thursday,Friday",10,tfl_21-407-_-y05-11_HygcEjI.xml
VJ_21-407-_-y05-11-142-MF,PK0003436:2,ABLO:PK0003436:2:407,JP_21-407-_-y05-11-112-O-2,18:24:00,121,"Monday,Tuesday,Wednesday,Thursday,Friday",61,tfl_21-407-_-y05-11_HygcEjI.xml
VJ_21-407-_-y05-11-143-MF,PK0003436:2,ABLO:PK0003436:2:407,JP_21-407-_-y05-11-122-O-2,09:18:00,37,"Monday,Tuesday,Wednesday,Thursday,Friday",19,tfl_21-407-_-y05-11_HygcEjI.xml
VJ_21-407-_-y05-11-144-MF,PK0003436:2,ABLO:PK0003436:2:407,JP_21-407-_-y05-11-122-O-2,09:31:00,39,"Monday,Tuesday,Wednesday,Thursday,Friday",20,tfl_21-407-_-y05-11_HygcEjI.xml
VJ_21-407-_-y05-11-145-MF,PK0003436:2,ABLO:PK0003436:2:407,JP_21-407-_-y05-11-122-O-2,09:44:00,41,"Monday,Tuesday,Wednesday,Thursday,Friday",21,tfl_21-407-_-y05-11_HygcEjI.xml
VJ_21-407-_-y05-11-146-MF,PK0003436:2,ABLO:PK0003436:2:407,JP_21-407-_-y05-11-123-O-2,09:05:00,35,"Monday,Tuesday,Wednesday,Thursday,Friday",18,tfl_21-407-_-y05-11_HygcEjI.xml
VJ_21-407-_-y05-11-147-MF,PK0003436:2,ABLO:PK0003436:2:407,JP_21-407-_-y05-11-125-O-2,13:25:00,75,"Monday,Tuesday,Wednesday,Thursday,Friday",38,tfl_21-407-_-y05-11_HygcEjI.xml
VJ_21-407-_-y05-11-148-MF,PK0003436:2,ABLO:PK0003436:2:407,JP_21-407-_-y05-11-126-O-2,13:38:00,77,"Monday,Tuesday,Wednesday,Thursday,Friday",39,tfl_21-407-_-y05-11_HygcEjI.xml
VJ_21-407-_-y05-11-149-MF,PK0003436:2,ABLO:PK0003436:2:407,JP_21-407-_-y05-11-127-O-2,13:51:00,79,"Monday,Tuesday,Wednesday,Thursday,Friday",40,tfl_21-407-_-y05-11_HygcEjI.xml
VJ_21-407-_-y05-11-150-MF,PK0003436:2,ABLO:PK0003436:2:407,JP_21-407-_-y05-11-141-O-2,07:24:00,21,"Monday,Tuesday,Wednesday,Thursday,Friday",11,tfl_21-407-_-y05-11_HygcEjI.xml
VJ_21-407-_-y05-11-151-MF,PK0003436:2,ABLO:PK0003436:2:407,JP_21-407-_-y05-11-142-O-2,18:11:00,119,"Monday,Tuesday,Wednesday,Thursday,Friday",60,tfl_21-407-_-y05-11_HygcEjI.xml
VJ_21-407-_-y05-11-152-MF,PK0003436:2,ABLO:PK0003436:2:407,JP_21-407-_-y05-11-145-O-2,17:45:00,115,"Monday,Tuesday,Wednesday,Thursday,Friday",58,tfl_21-407-_-y05-11_HygcEjI.xml
VJ_21-407-_-y05-11-153-MF,PK0003436:2,ABLO:PK0003436:2:407,JP_21-407-_-y05-11-145-O-2,17:58:00,117,"Monday,Tuesday,Wednesday,Thursday,Friday",59,tfl_21-407-_-y05-11_HygcEjI.xml
VJ_21-407-_-y05-11-154-MF,PK0003436:2,ABLO:PK0003436:2:407,JP_21-407-_-y05-11-147-O-2,17:32:00,113,"Monday,Tuesday,Wednesday,Thursday,Friday",57,tfl_21-407-_-y05-11_HygcEjI.xml
VJ_21-407-_-y05-11-155-MF,PK0003436:2,ABLO:PK0003436:2:407,JP_21-407-_-y05-11-152-O-2,14:04:00,81,"Monday,Tuesday,Wednesday,Thursday,Friday",41,tfl_21-407-_-y05-11_HygcEjI.xml
VJ_21-407-_-y05-11-156-MF,PK0003436:2,ABLO:PK0003436:2:407,JP_21-407-_-y05-11-153-O-2,14:17:00,83,"Monday,Tuesday,Wednesday,Thursday,Friday",42,tfl_21-407-_-y05-11_HygcEjI.xml
VJ_21-407-_-y05-11-157-MF,PK0003436:2,ABLO:PK0003436:2:407,JP_21-407-_-y05-11-154-O-2,14:30:00,85,"Monday,Tuesday,Wednesday,Thursday,Friday",43,tfl_21-407-_-y05-11_HygcEjI.xml
VJ_21-407-_-y05-11-158-MF,PK0003436:2,ABLO:PK0003436:2:407,JP_21-407-_-y05-11-155-O-2,14:43:00,87,"Monday,Tuesday,Wednesday,Thursday,Friday",44,tfl_21-407-_-y05-11_HygcEjI.xml
VJ_21-407-_-y05-11-159-MF,PK0003436:2,ABLO:PK0003436:2:407,JP_21-407-_-y05-11-157-O-2,08:50:00,33,"Monday,Tuesday,Wednesday,Thursday,Friday",17,tfl_21-407-_-y05-11_HygcEjI.xml
VJ_21-407-_-y05-11-160-MF,PK0003436:2,ABLO:PK0003436:2:407,JP_21-407-_-y05-11-158-O-2,08:35:00,31,"Monday,Tuesday,Wednesday,Thursday,Friday",16,tfl_21-407-_-y05-11_HygcEjI.xml
VJ_21-407-_-y05-11-161-MF,PK0003436:2,ABLO:PK0003436:2:407,JP_21-407-_-y05-11-159-O-2,07:37:00,23,"Monday,Tuesday,Wednesday,Thursday,Friday",12,tfl_21-407-_-y05-11_HygcEjI.xml
VJ_21-407-_-y05-11-162-MF,PK0003436:2,ABLO:PK0003436:2:407,JP_21-407-_-y05-11-160-O-2,17:19:00,111,"Monday,Tuesday,Wednesday,Thursday,Friday",56,tfl_21-407-_-y05-11_HygcEjI.xml
VJ_21-407-_-y05-11-163-MF,PK0003436:2,ABLO:PK0003436:2:407,JP_21-407-_-y05-11-161-O-2,16:53:00,107,"Monday,Tuesday,Wednesday,Thursday,Friday",54,tfl_21-407-_-y05-11_HygcEjI.xml
VJ_21-407-_-y05-11-164-MF,PK0003436:2,ABLO:PK0003436:2:407,JP_21-407-_-y05-11-162-O-2,17:06:00,109,"Monday,Tuesday,Wednesday,Thursday,Friday",55,tfl_21-407-_-y05-11_HygcEjI.xml
VJ_21-407-_-y05-11-165-MF,PK0003436:2,ABLO:PK0003436:2:407,JP_21-407-_-y05-11-163-O-2,16:40:00,105,"Monday,Tuesday,Wednesday,Thursday,Friday",53,tfl_21-407-_-y05-11_HygcEjI.xml
VJ_21-407-_-y05-11-166-MF,PK0003436:2,ABLO:PK0003436:2:407,JP_21-407-_-y05-11-164-O-2,14:56:00,89,"Monday,Tuesday,Wednesday,Thursday,Friday",45,tfl_21-407-_-y05-11_HygcEjI.xml
VJ_21-407-_-y05-11-167-MF,PK0003436:2,ABLO:PK0003436:2:407,JP_21-407-_-y05-11-165-O-2,08:20:00,29,"Monday,Tuesday,Wednesday,Thursday,Friday",15,tfl_21-407-_-y05-11_HygcEjI.xml
VJ_21-407-_-y05-11-168-MF,PK0003436:2,ABLO:PK0003436:2:407,JP_21-407-_-y05-11-166-O-2,16:27:00,103,"Monday,Tuesday,Wednesday,Thursday,Friday",52,tfl_21-407-_-y05-11_HygcEjI.xml
VJ_21-407-_-y05-11-169-MF,PK0003436:2,ABLO:PK0003436:2:407,JP_21-407-_-y05-11-167-O-2,16:14:00,101,"Monday,Tuesday,Wednesday,Thursday,Friday",51,tfl_21-407-_-y05-11_HygcEjI.xml
VJ_21-407-_-y05-11-170-MF,PK0003436:2,ABLO:PK0003436:2:407,JP_21-407-_-y05-11-168-O-2,15:48:00,97,"Monday,Tuesday,Wednesday,Thursday,Friday",49,tfl_21-407-_-y05-11_HygcEjI.xml
VJ_21-407-_-y05-11-171-MF,PK0003436:2,ABLO:PK0003436:2:407,JP_21-407-_-y05-11-168-O-2,16:01:00,99,"Monday,Tuesday,Wednesday,Thursday,Friday",50,tfl_21-407-_-y05-11_HygcEjI.xml
VJ_21-407-_-y05-11-172-MF,PK0003436:2,ABLO:PK0003436:2:407,JP_21-407-_-y05-11-169-O-2,15:35:00,95,"Monday,Tuesday,Wednesday,Thursday,Friday",48,tfl_21-407-_-y05-11_HygcEjI.xml
VJ_21-407-_-y05-11-173-MF,PK0003436:2,ABLO:PK0003436:2:407,JP_21-407-_-y05-11-170-O-2,08:05:00,27,"Monday,Tuesday,Wednesday,Thursday,Friday",14,tfl_21-407-_-y05-11_HygcEjI.xml
VJ_21-407-_-y05-11-174-MF,PK0003436:2,ABLO:PK0003436:2:407,JP_21-407-_-y05-11-171-O-2,07:50:00,25,"Monday,Tuesday,Wednesday,Thursday,Friday",13,tfl_21-407-_-y05-11_HygcEjI.xml
VJ_21-407-_-y05-11-175-MF,PK0003436:2,ABLO:PK0003436:2:407,JP_21-407-_-y05-11-172-O-2,15:22:00,93,"Monday,Tuesday,Wednesday,Thursday,Friday",47,tfl_21-407-_-y05-11_HygcEjI.xml
VJ_21-407-_-y05-11-176-MF,PK0003436:2,ABLO:PK0003436:2:407,JP_21-407-_-y05-11-173-O-2,15:09:00,91,"Monday,Tuesday,Wednesday,Thursday,Friday",46,tfl_21-407-_-y05-11_HygcEjI.xml
VJ_21-464-_-y05-55535-1-MFSc,PK0003436:4,ABLO:PK0003436:4:464,JP_21-464-_-y05-55535-1-I-1,07:38:00,6,"Monday,Tuesday,Wednesday,Thursday,Friday",151,tfl_21-464-_-y05-55535.xml
VJ_21-464-_-y05-55535-2-MFSc,PK0003436:4,ABLO:PK0003436:4:464,JP_21-464-_-y05-55535-1-I-1,08:08:00,10,"Monday,Tuesday,Wednesday,Thursday,Friday",153,tfl_21-464-_-y05-55535.xml
VJ_21-464-_-y05-55535-4-MFSc,PK0003436:4,ABLO:PK0003436:4:464,JP_21-464-_-y05-55535-3-I-2,20:40:00,60,"Monday,Tuesday,Wednesday,Thursday,Friday",178,tfl_21-464-_-y05-55535.xml
VJ_21-464-_-y05-55535-6-MFSc,PK0003436:4,ABLO:PK0003436:4:464,JP_21-464-_-y05-55535-3-I-2,21:40:00,62,"Monday,Tuesday,Wednesday,Thursday,Friday",179,tfl_21-464-_-y05-55535.xml
VJ_21-464-_-y05-55535-8-MFSc,PK0003436:4,ABLO:PK0003436:4:464,JP_21-464-_-y05-55535-3-I-2,22:40:00,64,"Monday,Tuesday,Wednesday,Thursday,Friday",180,tfl_21-464-_-y05-55535.xml
VJ_21-464-_-y05-55535-10-MFSc,PK0003436:4,ABLO:PK0003436:4:464,JP_21-464-_-y05-55535-3-I-2,23:40:00,66,"Monday,Tuesday,Wednesday,Thursday,Friday",181,tfl_21-464-_-y05-55535.xml
VJ_21-464-_-y05-55535-12-MFSc,PK0003436:4,ABLO:PK0003436:4:464,JP_21-464-_-y05-55535-3-I-2,00:40:00,68,"Monday,Tuesday,Wednesday,Thursday,Friday",182,tfl_21-464-_-y05-55535.xml
VJ_21-464-_-y05-55535-13-MFSc,PK0003436:4,ABLO:PK0003436:4:464,JP_21-464-_-y05-55535-4-I-2,06:40:00,2,"Monday,Tuesday,Wednesday,Thursday,Friday",149,tfl_21-464-_-y05-55535.xml
VJ_21-464-_-y05-55535-15-MFSc,PK0003436:4,ABLO:PK0003436:4:464,JP_21-464-_-y05-55535-4-I-2,07:10:00,4,"Monday,Tuesday,Wednesday,Thursday,Friday",150,tfl_21-464-_-y05-55535.xml
VJ_21-464-_-y05-55535-17-MFSc,PK0003436:4,ABLO:PK0003436:4:464,JP_21-464-_-y05-55535-5-I-2,10:10:00,20,"Monday,Tuesday,Wednesday,Thursday,Friday",158,tfl_21-464-_-y05-55535.xml
VJ_21-464-_-y05-55535-19-MFSc,PK0003436:4,ABLO:PK0003436:4:464,JP_21-464-_-y05-55535-5-I-2,10:40:00,22,"Monday,Tuesday,Wednesday,Thursday,Friday",159,tfl_21-464-_-y05-55535.xml
VJ_21-464-_-y05-55535-21-MFSc,PK0003436:4,ABLO:PK0003436:4:464,JP_21-464-_-y05-55535-5-I-2,11:10:00,24,"Monday,Tuesday,Wednesday,Thursday,Friday",160,tfl_21-464-_-y05-55535.xml
VJ_21-464-_-y05-55535-23-MFSc,PK0003436:4,ABLO:PK0003436:4:464,JP_21-464-_-y05-55535-5-I-2,11:40:00,26,"Monday,Tuesday,Wednesday,Thursday,Friday",161,tfl_21-464-_-y05-55535.xml
VJ_21-464-_-y05-55535-25-MFSc,PK0003436:4,ABLO:PK0003436:4:464,JP_21-464-_-y05-55535-5-I-2,12:10:00,28,"Monday,Tuesday,Wednesday,Thursday,Friday",162,tfl_21-464-_-y05-55535.xml
VJ_21-464-_-y05-55535-27-MFSc,PK0003436:4,ABLO:PK0003436:4:464,JP_21-464-_-y05-55535-5-I-2,12:40:00,30,"Monday,Tuesday,Wednesday,Thursday,Friday",163,tfl_21-464-_-y05-55535.xml
VJ_21-464-_-y05-55535-29-MFSc,PK0003436:4,ABLO:PK0003436:4:464,JP_21-464-_-y05-55535-5-I-2,13:10:00,32,"Monday,Tuesday,Wednesday,Thursday,Friday",164,tfl_21-464-_-y05-55535.xml
VJ_21-464-_-y05-55535-31-MFSc,PK0003436:4,ABLO:PK0003436:4:464,JP_21-464-_-y05-55535-5-I-2,13:40:00,34,"Monday,Tuesday,Wednesday,Thursday,Friday",165,tfl_21-464-_-y05-55535.xml
VJ_21-464-_-y05-55535-33-MFSc,PK0003436:4,ABLO:PK0003436:4:464,JP_21-464-_-y05-55535-5-I-2,14:10:00,36,"Monday,Tuesday,Wednesday,Thursday,Friday",166,tfl_21-464-_-y05-55535.xml
VJ_21-464-_-y05-55535-35-MFSc,PK0003436:4,ABLO:PK0003436:4:464,JP_21-464-_-y05-55535-5-I-2,19:10:00,56,"Monday,Tuesday,Wednesday,Thursday,Friday",176,tfl_21-464-_-y05-55535.xml
VJ_21-464-_-y05-55535-37-MFSc,PK0003436:4,ABLO:PK0003436:4:464,JP_21-464-_-y05-55535-5-I-2,19:40:00,58,"Monday,Tuesday,Wednesday,Thursday,Friday",177,tfl_21-464-_-y05-55535.xml
VJ_21-464-_-y05-55535-39-MFSc,PK0003436:4,ABLO:PK0003436:4:464,JP_21-464-_-y05-55535-6-I-2,14:40:00,38,"Monday,Tuesday,Wednesday,Thursday,Friday",167,tfl_21-464-_-y05-55535.xml
VJ_21-464-_-y05-55535-41-MFSc,PK0003436:4,ABLO:PK0003436:4:464,JP_21-464-_-y05-55535-6-I-2,15:10:00,40,"Monday,Tuesday,Wednesday,Thursday,Friday",168,tfl_21-464-_-y05-55535.xml
VJ_21-464-_-y05-55535-43-MFSc,PK0003436:4,ABLO:PK0003436:4:464,JP_21-464-_-y05-55535-6-I-2,15:40:00,42,"Monday,Tuesday,Wednesday,Thursday,Friday",169,tfl_21-464-_-y05-55535.xml
VJ_21-464-_-y05-55535-45-MFSc,PK0003436:4,ABLO:PK0003436:4:464,JP_21-464-_-y05-55535-6-I-2,16:10:00,44,"Monday,Tuesday,Wednesday,Thursday,Friday",170,tfl_21-464-_-y05-55535.xml
VJ_21-464-_-y05-55535-47-MFSc,PK0003436:4,ABLO:PK0003436:4:464,JP_21-464-_-y05-55535-6-I-2,16:40:00,46,"Monday,Tuesday,Wednesday,Thursday,Friday",171,tfl_21-464-_-y05-55535.xml
VJ_21-464-_-y05-55535-49-MFSc,PK0003436:4,ABLO:PK0003436:4:464,JP_21-464-_-y05-55535-6-I-2,17:10:00,48,"Monday,Tuesday,Wednesday,Thursday,Friday",172,tfl_21-464-_-y05-55535.xml
VJ_21-464-_-y05-55535-51-MFSc,PK0003436:4,ABLO:PK0003436:4:464,JP_21-464-_-y05-55535-6-I-2,17:40:00,50,"Monday,Tuesday,Wednesday,Thursday,Friday",173,tfl_21-464-_-y05-55535.xml
VJ_21-464-_-y05-55535-53-MFSc,PK0003436:4,ABLO:PK0003436:4:464,JP_21-464-_-y05-55535-6-I-2,18:10:00,52,"Monday,Tuesday,Wednesday,Thursday,Friday",174,tfl_21-464-_-y05-55535.xml
VJ_21-464-_-y05-55535-55-MFSc,PK0003436:4,ABLO:PK0003436:4:464,JP_21-464-_-y05-55535-6-I-2,18:40:00,54,"Monday,Tuesday,Wednesday,Thursday,Friday",175,tfl_21-464-_-y05-55535.xml
VJ_21-464-_-y05-55535-57-MFSc,PK0003436:4,ABLO:PK0003436:4:464,JP_21-464-_-y05-55535-7-I-2,07:40:00,8,"Monday,Tuesday,Wednesday,Thursday,Friday",152,tfl_21-464-_-y05-55535.xml
VJ_21-464-_-y05-55535-58-MFSc,PK0003436:4,ABLO:PK0003436:4:464,JP_21-464-_-y05-55535-7-I-2,08:10:00,12,"Monday,Tuesday,Wednesday,Thursday,Friday",154,tfl_21-464-_-y05-55535.xml
VJ_21-464-_-y05-55535-61-MFSc,PK0003436:4,ABLO:PK0003436:4:464,JP_21-464-_-y05-55535-7-I-2,08:40:00,14,"Monday,Tuesday,Wednesday,Thursday,Friday",155,tfl_21-464-_-y05-55535.xml
VJ_21-464-_-y05-55535-63-MFSc,PK0003436:4,ABLO:PK0003436:4:464,JP_21-464-_-y05-55535-7-I-2,09:10:00,16,"Monday,Tuesday,Wednesday,Thursday,Friday",156,tfl_21-464-_-y05-55535.xml
VJ_21-464-_-y05-55535-65-MFSc,PK0003436:4,ABLO:PK0003436:4:464,JP_21-464-_-y05-55535-7-I-2,09:40:00,18,"Monday,Tuesday,Wednesday,Thursday,Friday",157,tfl_21-464-_-y05-55535.xml
VJ_21-464-_-y05-55535-66-MFSc,PK0003436:4,ABLO:PK0003436:4:464,JP_21-464-_-y05-55535-1-O-3,15:15:00,37,"Monday,Tuesday,Wednesday,Thursday,Friday",53,tfl_21-464-_-y05-55535.xml
VJ_21-464-_-y05-55535-68-MFSc,PK0003436:4,ABLO:PK0003436:4:464,JP_21-464-_-y05-55535-3-O-4,21:10:00,61,"Monday,Tuesday,Wednesday,Thursday,Friday",64,tfl_21-464-_-y05-55535.xml
VJ_21-464-_-y05-55535-70-MFSc,PK0003436:4,ABLO:PK0003436:4:464,JP_21-464-_-y05-55535-3-O-4,22:10:00,63,"Monday,Tuesday,Wednesday,Thursday,Friday",65,tfl_21-464-_-y05-55535.xml
VJ_21-464-_-y05-55535-72-MFSc,PK0003436:4,ABLO:PK0003436:4:464,JP_21-464-_-y05-55535-3-O-4,23:10:00,65,"Monday,Tuesday,Wednesday,Thursday,Friday",66,tfl_21-464-_-y05-55535.xml
VJ_21-464-_-y05-55535-74-MFSc,PK0003436:4,ABLO:PK0003436:4:464,JP_21-464-_-y05-55535-3-O-4,00:10:00,67,"Monday,Tuesday,Wednesday,Thursday,Friday",67,tfl_21-464-_-y05-55535.xml
VJ_21-464-_-y05-55535-75-MFSc,PK0003436:4,ABLO:PK0003436:4:464,JP_21-464-_-y05-55535-5-O-4,06:10:00,1,"Monday,Tuesday,Wednesday,Thursday,Friday",34,tfl_21-464-_-y05-55535.xml
VJ_21-464-_-y05-55535-77-MFSc,PK0003436:4,ABLO:PK0003436:4:464,JP_21-464-_-y05-55535-5-O-4,06:40:00,3,"Monday,Tuesday,Wednesday,Thursday,Friday",35,tfl_21-464-_-y05-55535.xml
VJ_21-464-_-y05-55535-78-MFSc,PK0003436:4,ABLO:PK0003436:4:464,JP_21-464-_-y05-55535-7-O-4,07:10:00,5,"Monday,Tuesday,Wednesday,Thursday,Friday",36,tfl_21-464-_-y05-55535.xml
VJ_21-464-_-y05-55535-80-MFSc,PK0003436:4,ABLO:PK0003436:4:464,JP_21-464-_-y05-55535-8-O-4,09:10:00,13,"Monday,Tuesday,Wednesday,Thursday,Friday",40,tfl_21-464-_-y05-55535.xml
VJ_21-464-_-y05-55535-82-MFSc,PK0003436:4,ABLO:PK0003436:4:464,JP_21-464-_-y05-55535-8-O-4,09:40:00,15,"Monday,Tuesday,Wednesday,Thursday,Friday",41,tfl_21-464-_-y05-55535.xml
VJ_21-464-_-y05-55535-84-MFSc,PK0003436:4,ABLO:PK0003436:4:464,JP_21-464-_-y05-55535-8-O-4,10:10:00,17,"Monday,Tuesday,Wednesday,Thursday,Friday",42,tfl_21-464-_-y05-55535.xml
VJ_21-464-_-y05-55535-86-MFSc,PK0003436:4,ABLO:PK0003436:4:464,JP_21-464-_-y05-55535-8-O-4,10:40:00,19,"Monday,Tuesday,Wednesday,Thursday,Friday",43,tfl_21-464-_-y05-55535.xml
VJ_21-464-_-y05-55535-88-MFSc,PK0003436:4,ABLO:PK0003436:4:464,JP_21-464-_-y05-55535-8-O-4,11:10:00,21,"Monday,Tuesday,Wednesday,Thursday,Friday",44,tfl_21-464-_-y05-55535.xml
VJ_21-464-_-y05-55535-90-MFSc,PK0003436:4,ABLO:PK0003436:4:464,JP_21-464-_-y05-55535-8-O-4,11:40:00,23,"Monday,Tuesday,Wednesday,Thursday,Friday",45,tfl_21-464-_-y05-55535.xml
VJ_21-464-_-y05-55535-92-MFSc,PK0003436:4,ABLO:PK0003436:4:464,JP_21-464-_-y05-55535-8-O-4,12:10:00,25,"Monday,Tuesday,Wednesday,Thursday,Friday",46,tfl_21-464-_-y05-55535.xml
VJ_21-464-_-y05-55535-94-MFSc,PK0003436:4,ABLO:PK0003436:4:464,JP_21-464-_-y05-55535-8-O-4,12:40:00,27,"Monday,Tuesday,Wednesday,Thursday,Friday",47,tfl_21-464-_-y05-55535.xml
VJ_21-464-_-y05-55535-96-MFSc,PK0003436:4,ABLO:PK0003436:4:464,JP_21-464-_-y05-55535-8-O-4,13:10:00,29,"Monday,Tuesday,Wednesday,Thursday,Friday",48,tfl_21-464-_-y05-55535.xml
VJ_21-464-_-y05-55535-98-MFSc,PK0003436:4,ABLO:PK0003436:4:464,JP_21-464-_-y05-55535-8-O-4,13:40:00,31,"Monday,Tuesday,Wednesday,Thursday,Friday",49,tfl_21-464-_-y05-55535.xml
VJ_21-464-_-y05-55535-100-MFSc,PK0003436:4,ABLO:PK0003436:4:464,JP_21-464-_-y05-55535-8-O-4,14:10:00,33,"Monday,Tuesday,Wednesday,Thursday,Friday",50,tfl_21-464-_-y05-55535.xml
VJ_21-464-_-y05-55535-102-MFSc,PK0003436:4,ABLO:PK0003436:4:464,JP_21-464-_-y05-55535-8-O-4,19:10:00,55,"Monday,Tuesday,Wednesday,Thursday,Friday",61,tfl_21-464-_-y05-55535.xml
VJ_21-464-_-y05-55535-104-MFSc,PK0003436:4,ABLO:PK0003436:4:464,JP_21-464-_-y05-55535-8-O-4,19:40:00,57,"Monday,Tuesday,Wednesday,Thursday,Friday",62,tfl_21-464-_-y05-55535.xml
VJ_21-464-_-y05-55535-106-MFSc,PK0003436:4,ABLO:PK0003436:4:464,JP_21-464-_-y05-55535-8-O-4,20:10:00,59,"Monday,Tuesday,Wednesday,Thursday,Friday",63,tfl_21-464-_-y05-55535.xml
VJ_21-464-_-y05-55535-108-MFSc,PK0003436:4,ABLO:PK0003436:4:464,JP_21-464-_-y05-55535-9-O-4,07:40:00,7,"Monday,Tuesday,Wednesday,Thursday,Friday",37,tfl_21-464-_-y05-55535.xml
VJ_21-464-_-y05-55535-110-MFSc,PK0003436:4,ABLO:PK0003436:4:464,JP_21-464-_-y05-55535-9-O-4,08:10:00,9,"Monday,Tuesday,Wednesday,Thursday,Friday",38,tfl_21-464-_-y05-55535.xml
VJ_21-464-_-y05-55535-112-MFSc,PK0003436:4,ABLO:PK0003436:4:464,JP_21-464-_-y05-55535-9-O-4,08:40:00,11,"Monday,Tuesday,Wednesday,Thursday,Friday",39,tfl_21-464-_-y05-55535.xml
VJ_21-464-_-y05-55535-114-MFSc,PK0003436:4,ABLO:PK0003436:4:464,JP_21-464-_-y05-55535-10-O-4,14:40:00,35,"Monday,Tuesday,Wednesday,Thursday,Friday",51,tfl_21-464-_-y05-55535.xml
VJ_21-464-_-y05-55535-116-MFSc,PK0003436:4,ABLO:PK0003436:4:464,JP_21-464-_-y05-55535-11-O-4,15:10:00,39,"Monday,Tuesday,Wednesday,Thursday,Friday",52,tfl_21-464-_-y05-55535.xml
VJ_21-464-_-y05-55535-118-MFSc,PK0003436:4,ABLO:PK0003436:4:464,JP_21-464-_-y05-55535-11-O-4,15:40:00,41,"Monday,Tuesday,Wednesday,Thursday,Friday",54,tfl_21-464-_-y05-55535.xml
VJ_21-464-_-y05-55535-120-MFSc,PK0003436:4,ABLO:PK0003436:4:464,JP_21-464-_-y05-55535-11-O-4,16:10:00,43,"Monday,Tuesday,Wednesday,Thursday,Friday",55,tfl_21-464-_-y05-55535.xml
VJ_21-464-_-y05-55535-122-MFSc,PK0003436:4,ABLO:PK0003436:4:464,JP_21-464-_-y05-55535-11-O-4,16:40:00,45,"Monday,Tuesday,Wednesday,Thursday,Friday",56,tfl_21-464-_-y05-55535.xml
VJ_21-464-_-y05-55535-124-MFSc,PK0003436:4,ABLO:PK0003436:4:464,JP_21-464-_-y05-55535-11-O-4,17:10:00,47,"Monday,Tuesday,Wednesday,Thursday,Friday",57,tfl_21-464-_-y05-55535.xml
VJ_21-464-_-y05-55535-126-MFSc,PK0003436:4,ABLO:PK0003436:4:464,JP_21-464-_-y05-55535-11-O-4,17:40:00,49,"Monday,Tuesday,Wednesday,Thursday,Friday",58,tfl_21-464-_-y05-55535.xml
VJ_21-464-_-y05-55535-128-MFSc,PK0003436:4,ABLO:PK0003436:4:464,JP_21-464-_-y05-55535-11-O-4,18:10:00,51,"Monday,Tuesday,Wednesday,Thursday,Friday",59,tfl_21-464-_-y05-55535.xml
VJ_21-464-_-y05-55535-130-MFSc,PK0003436:4,ABLO:PK0003436:4:464,JP_21-464-_-y05-55535-11-O-4,18:40:00,53,"Monday,Tuesday,Wednesday,Thursday,Friday",60,tfl_21-464-_-y05-55535.xml
VJ_21-464-_-y05-55535-1-Sa,PK0003436:4,ABLO:PK0003436:4:464,JP_21-464-_-y05-55535-2-I-2,00:40:00,62,Saturday,213,tfl_21-464-_-y05-55535.xml
VJ_21-464-_-y05-55535-2-Sa,PK0003436:4,ABLO:PK0003436:4:464,JP_21-464-_-y05-55535-3-I-2,06:40:00,2,Saturday,183,tfl_21-464-_-y05-55535.xml
VJ_21-464-_-y05-55535-3-Sa,PK0003436:4,ABLO:PK0003436:4:464,JP_21-464-_-y05-55535-3-I-2,07:10:00,4,Saturday,184,tfl_21-464-_-y05-55535.xml
VJ_21-464-_-y05-55535-4-Sa,PK0003436:4,ABLO:PK0003436:4:464,JP_21-464-_-y05-55535-3-I-2,07:40:00,6,Saturday,185,tfl_21-464-_-y05-55535.xml
VJ_21-464-_-y05-55535-5-Sa,PK0003436:4,ABLO:PK0003436:4:464,JP_21-464-_-y05-55535-3-I-2,08:10:00,8,Saturday,186,tfl_21-464-_-y05-55535.xml
VJ_21-464-_-y05-55535-6-Sa,PK0003436:4,ABLO:PK0003436:4:464,JP_21-464-_-y05-55535-3-I-2,20:40:00,54,Saturday,209,tfl_21-464-_-y05-55535.xml
VJ_21-464-_-y05-55535-7-Sa,PK0003436:4,ABLO:PK0003436:4:464,JP_21-464-_-y05-55535-3-I-2,21:40:00,56,Saturday,210,tfl_21-464-_-y05-55535.xml
VJ_21-464-_-y05-55535-8-Sa,PK0003436:4,ABLO:PK0003436:4:464,JP_21-464-_-y05-55535-3-I-2,22:40:00,58,Saturday,211,tfl_21-464-_-y05-55535.xml
VJ_21-464-_-y05-55535-9-Sa,PK0003436:4,ABLO:PK0003436:4:464,JP_21-464-_-y05-55535-3-I-2,23:40:00,60,Saturday,212,tfl_21-464-_-y05-55535.xml
VJ_21-464-_-y05-55535-10-Sa,PK0003436:4,ABLO:PK0003436:4:464,JP_21-464-_-y05-55535-5-I-2,08:40:00,10,Saturday,187,tfl_21-464-_-y05-55535.xml
VJ_21-464-_-y05-55535-11-Sa,PK0003436:4,ABLO:PK0003436:4:464,JP_21-464-_-y05-55535-5-I-2,09:10:00,12,Saturday,188,tfl_21-464-_-y05-55535.xml
VJ_21-464-_-y05-55535-12-Sa,PK0003436:4,ABLO:PK0003436:4:464,JP_21-464-_-y05-55535-5-I-2,09:40:00,14,Saturday,189,tfl_21-464-_-y05-55535.xml
VJ_21-464-_-y05-55535-13-Sa,PK0003436:4,ABLO:PK0003436:4:464,JP_21-464-_-y05-55535-5-I-2,10:10:00,16,Saturday,190,tfl_21-464-_-y05-55535.xml
VJ_21-464-_-y05-55535-14-Sa,PK0003436:4,ABLO:PK0003436:4:464,JP_21-464-_-y05-55535-5-I-2,10:40:00,18,Saturday,191,tfl_21-464-_-y05-55535.xml
VJ_21-464-_-y05-55535-15-Sa,PK0003436:4,ABLO:PK0003436:4:464,JP_21-464-_-y05-55535-5-I-2,11:10:00,20,Saturday,192,tfl_21-464-_-y05-55535.xml
VJ_21-464-_-y05-55535-16-Sa,PK0003436:4,ABLO:PK0003436:4:464,JP_21-464-_-y05-55535-5-I-2,11:40:00,22,Saturday,193,tfl_21-464-_-y05-55535.xml
VJ_21-464-_-y05-55535-17-Sa,PK0003436:4,ABLO:PK0003436:4:464,JP_21-464-_-y05-55535-5-I-2,12:10:00,24,Saturday,194,tfl_21-464-_-y05-55535.xml
VJ_21-464-_-y05-55535-18-Sa,PK0003436:4,ABLO:PK0003436:4:464,JP_21-464-_-y05-55535-5-I-2,12:40:00,26,Saturday,195,tfl_21-464-_-y05-55535.xml
VJ_21-464-_-y05-55535-19-Sa,PK0003436:4,ABLO:PK0003436:4:464,JP_21-464-_-y05-55535-5-I-2,13:10:00,28,Saturday,196,tfl_21-464-_-y05-55535.xml
VJ_21-464-_-y05-55535-20-Sa,PK0003436:4,ABLO:PK0003436:4:464,JP_21-464-_-y05-55535-5-I-2,13:40:00,30,Saturday,197,tfl_21-464-_-y05-55535.xml
VJ_21-464-_-y05-55535-21-Sa,PK0003436:4,ABLO:PK0003436:4:464,JP_21-464-_-y05-55535-5-I-2,14:10:00,32,Saturday,198,tfl_21-464-_-y05-55535.xml
VJ_21-464-_-y05-55535-22-Sa,PK0003436:4,ABLO:PK0003436:4:464,JP_21-464-_-y05-55535-5-I-2,14:40:00,34,Saturday,199,tfl_21-464-_-y05-55535.xml
VJ_21-464-_-y05-55535-23-Sa,PK0003436:4,ABLO:PK0003436:4:464,JP_21-464-_-y05-55535-5-I-2,15:10:00,36,Saturday,200,tfl_21-464-_-y05-55535.xml
VJ_21-464-_-y05-55535-24-Sa,PK0003436:4,ABLO:PK0003436:4:464,JP_21-464-_-y05-55535-5-I-2,15:40:00,38,Saturday,201,tfl_21-464-_-y05-55535.xml
VJ_21-464-_-y05-55535-25-Sa,PK0003436:4,ABLO:PK0003436:4:464,JP_21-464-_-y05-55535-5-I-2,16:10:00,40,Saturday,202,tfl_21-464-_-y05-55535.xml
VJ_21-464-_-y05-55535-26-Sa,PK0003436:4,ABLO:PK0003436:4:464,JP_21-464-_-y05-55535-5-I-2,16:40:00,42,Saturday,203,tfl_21-464-_-y05-55535.xml
VJ_21-464-_-y05-55535-27-Sa,PK0003436:4,ABLO:PK0003436:4:464,JP_21-464-_-y05-55535-5-I-2,17:10:00,44,Saturday,204,tfl_21-464-_-y05-55535.xml
VJ_21-464-_-y05-55535-28-Sa,PK0003436:4,ABLO:PK0003436:4:464,JP_21-464-_-y05-55535-5-I-2,17:40:00,46,Saturday,205,tfl_21-464-_-y05-55535.xml
VJ_21-464-_-y05-55535-29-Sa,PK0003436:4,ABLO:PK0003436:4:464,JP_21-464-_-y05-55535-5-I-2,18:10:00,48,Saturday,206,tfl_21-464-_-y05-55535.xml
VJ_21-464-_-y05-55535-30-Sa,PK0003436:4,ABLO:PK0003436:4:464,JP_21-464-_-y05-55535-5-I-2,18:40:00,50,Saturday,207,tfl_21-464-_-y05-55535.xml
VJ_21-464-_-y05-55535-31-Sa,PK0003436:4,ABLO:PK0003436:4:464,JP_21-464-_-y05-55535-5-I-2,19:40:00,52,Saturday,208,tfl_21-464-_-y05-55535.xml
VJ_21-464-_-y05-55535-32-Sa,PK0003436:4,ABLO:PK0003436:4:464,JP_21-464-_-y05-55535-2-O-4,06:10:00,1,Saturday,68,tfl_21-464-_-y05-55535.xml
VJ_21-464-_-y05-55535-33-Sa,PK0003436:4,ABLO:PK0003436:4:464,JP_21-464-_-y05-55535-2-O-4,06:40:00,3,Saturday,69,tfl_21-464-_-y05-55535.xml
VJ_21-464-_-y05-55535-34-Sa,PK0003436:4,ABLO:PK0003436:4:464,JP_21-464-_-y05-55535-2-O-4,07:10:00,5,Saturday,70,tfl_21-464-_-y05-55535.xml
VJ_21-464-_-y05-55535-35-Sa,PK0003436:4,ABLO:PK0003436:4:464,JP_21-464-_-y05-55535-2-O-4,07:40:00,7,Saturday,71,tfl_21-464-_-y05-55535.xml
VJ_21-464-_-y05-55535-36-Sa,PK0003436:4,ABLO:PK0003436:4:464,JP_21-464-_-y05-55535-2-O-4,08:10:00,9,Saturday,72,tfl_21-464-_-y05-55535.xml
VJ_21-464-_-y05-55535-37-Sa,PK0003436:4,ABLO:PK0003436:4:464,JP_21-464-_-y05-55535-2-O-4,00:10:00,63,Saturday,99,tfl_21-464-_-y05-55535.xml
VJ_21-464-_-y05-55535-38-Sa,PK0003436:4,ABLO:PK0003436:4:464,JP_21-464-_-y05-55535-5-O-4,21:10:00,57,Saturday,96,tfl_21-464-_-y05-55535.xml
VJ_21-464-_-y05-55535-39-Sa,PK0003436:4,ABLO:PK0003436:4:464,JP_21-464-_-y05-55535-5-O-4,22:10:00,59,Saturday,97,tfl_21-464-_-y05-55535.xml
VJ_21-464-_-y05-55535-40-Sa,PK0003436:4,ABLO:PK0003436:4:464,JP_21-464-_-y05-55535-5-O-4,23:10:00,61,Saturday,98,tfl_21-464-_-y05-55535.xml
VJ_21-464-_-y05-55535-41-Sa,PK0003436:4,ABLO:PK0003436:4:464,JP_21-464-_-y05-55535-6-O-4,08:40:00,11,Saturday,73,tfl_21-464-_-y05-55535.xml
VJ_21-464-_-y05-55535-42-Sa,PK0003436:4,ABLO:PK0003436:4:464,JP_21-464-_-y05-55535-7-O-4,09:10:00,13,Saturday,74,tfl_21-464-_-y05-55535.xml
VJ_21-464-_-y05-55535-43-Sa,PK0003436:4,ABLO:PK0003436:4:464,JP_21-464-_-y05-55535-7-O-4,09:40:00,15,Saturday,75,tfl_21-464-_-y05-55535.xml
VJ_21-464-_-y05-55535-44-Sa,PK0003436:4,ABLO:PK0003436:4:464,JP_21-464-_-y05-55535-7-O-4,10:10:00,17,Saturday,76,tfl_21-464-_-y05-55535.xml
VJ_21-464-_-y05-55535-45-Sa,PK0003436:4,ABLO:PK0003436:4:464,JP_21-464-_-y05-55535-7-O-4,10:40:00,19,Saturday,77,tfl_21-464-_-y05-55535.xml
VJ_21-464-_-y05-55535-46-Sa,PK0003436:4,ABLO:PK0003436:4:464,JP_21-464-_-y05-55535-7-O-4,11:10:00,21,Saturday,78,tfl_21-464-_-y05-55535.xml
VJ_21-464-_-y05-55535-47-Sa,PK0003436:4,ABLO:PK0003436:4:464,JP_21-464-_-y05-55535-7-O-4,11:40:00,23,Saturday,79,tfl_21-464-_-y05-55535.xml
VJ_21-464-_-y05-55535-48-Sa,PK0003436:4,ABLO:PK0003436:4:464,JP_21-464-_-y05-55535-7-O-4,12:10:00,25,Saturday,80,tfl_21-464-_-y05-55535.xml
VJ_21-464-_-y05-55535-49-Sa,PK0003436:4,ABLO:PK0003436:4:464,JP_21-464-_-y05-55535-7-O-4,12:40:00,27,Saturday,81,tfl_21-464-_-y05-55535.xml
VJ_21-464-_-y05-55535-50-Sa,PK0003436:4,ABLO:PK0003436:4:464,JP_21-464-_-y05-55535-7-O-4,13:10:00,29,Saturday,82,tfl_21-464-_-y05-55535.xml
VJ_21-464-_-y05-55535-51-Sa,PK0003436:4,ABLO:PK0003436:4:464,JP_21-464-_-y05-55535-7-O-4,13:40:00,31,Saturday,83,tfl_21-464-_-y05-55535.xml
VJ_21-464-_-y05-55535-52-Sa,PK0003436:4,ABLO:PK0003436:4:464,JP_21-464-_-y05-55535-7-O-4,14:10:00,33,Saturday,84,tfl_21-464-_-y05-55535.xml
VJ_21-464-_-y05-55535-53-Sa,PK0003436:4,ABLO:PK0003436:4:464,JP_21-464-_-y05-55535-7-O-4,14:40:00,35,Saturday,85,tfl_21-464-_-y05-55535.xml
VJ_21-464-_-y05-55535-54-Sa,PK0003436:4,ABLO:PK0003436:4:464,JP_21-464-_-y05-55535-7-O-4,15:10:00,37,Saturday,86,tfl_21-464-_-y05-55535.xml
VJ_21-464-_-y05-55535-55-Sa,PK0003436:4,ABLO:PK0003436:4:464,JP_21-464-_-y05-55535-7-O-4,15:40:00,39,Saturday,87,tfl_21-464-_-y05-55535.xml
VJ_21-464-_-y05-55535-56-Sa,PK0003436:4,ABLO:PK0003436:4:464,JP_21-464-_-y05-55535-7-O-4,16:10:00,41,Saturday,88,tfl_21-464-_-y05-55535.xml
VJ_21-464-_-y05-55535-57-Sa,PK0003436:4,ABLO:PK0003436:4:464,JP_21-464-_-y05-55535-7-O-4,16:40:00,43,Saturday,89,tfl_21-464-_-y05-55535.xml
VJ_21-464-_-y05-55535-58-Sa,PK0003436:4,ABLO:PK0003436:4:464,JP_21-464-_-y05-55535-7-O-4,17:10:00,45,Saturday,90,tfl_21-464-_-y05-55535.xml
VJ_21-464-_-y05-55535-59-Sa,PK0003436:4,ABLO:PK0003436:4:464,JP_21-464-_-y05-55535-7-O-4,17:40:00,47,Saturday,91,tfl_21-464-_-y05-55535.xml
VJ_21-464-_-y05-55535-60-Sa,PK0003436:4,ABLO:PK0003436:4:464,JP_21-464-_-y05-55535-7-O-4,18:10:00,49,Saturday,92,tfl_21-464-_-y05-55535.xml
VJ_21-464-_-y05-55535-61-Sa,PK0003436:4,ABLO:PK0003436:4:464,JP_21-464-_-y05-55535-7-O-4,18:40:00,51,Saturday,93,tfl_21-464-_-y05-55535.xml
VJ_21-464-_-y05-55535-62-Sa,PK0003436:4,ABLO:PK0003436:4:464,JP_21-464-_-y05-55535-7-O-4,19:10:00,53,Saturday,94,tfl_21-464-_-y05-55535.xml
VJ_21-464-_-y05-55535-63-Sa,PK0003436:4,ABLO:PK0003436:4:464,JP_21-464-_-y05-55535-7-O-4,20:10:00,55,Saturday,95,tfl_21-464-_-y05-55535.xml
VJ_21-464-_-y05-55535-8-Su,PK0003436:4,ABLO:PK0003436:4:464,JP_21-464-_-y05-55535-3-I-2,08:40:00,2,Sunday,214,tfl_21-464-_-y05-55535.xml
VJ_21-464-_-y05-55535-9-Su,PK0003436:4,ABLO:PK0003436:4:464,JP_21-464-_-y05-55535-3-I-2,09:40:00,4,Sunday,215,tfl_21-464-_-y05-55535.xml
VJ_21-464-_-y05-55535-10-Su,PK0003436:4,ABLO:PK0003436:4:464,JP_21-464-_-y05-55535-3-I-2,20:40:00,26,Sunday,226,tfl_21-464-_-y05-55535.xml
VJ_21-464-_-y05-55535-14-Su,PK0003436:4,ABLO:PK0003436:4:464,JP_21-464-_-y05-55535-3-I-2,21:40:00,28,Sunday,227,tfl_21-464-_-y05-55535.xml
VJ_21-464-_-y05-55535-18-Su,PK0003436:4,ABLO:PK0003436:4:464,JP_21-464-_-y05-55535-3-I-2,22:40:00,30,Sunday,228,tfl_21-464-_-y05-55535.xml
VJ_21-464-_-y05-55535-22-Su,PK0003436:4,ABLO:PK0003436:4:464,JP_21-464-_-y05-55535-3-I-2,23:40:00,32,Sunday,229,tfl_21-464-_-y05-55535.xml
VJ_21-464-_-y05-55535-26-Su,PK0003436:4,ABLO:PK0003436:4:464,JP_21-464-_-y05-55535-3-I-2,00:40:00,34,Sunday,230,tfl_21-464-_-y05-55535.xml
VJ_21-464-_-y05-55535-40-Su,PK0003436:4,ABLO:PK0003436:4:464,JP_21-464-_-y05-55535-5-I-2,10:40:00,6,Sunday,216,tfl_21-464-_-y05-55535.xml
VJ_21-464-_-y05-55535-45-Su,PK0003436:4,ABLO:PK0003436:4:464,JP_21-464-_-y05-55535-5-I-2,11:40:00,8,Sunday,217,tfl_21-464-_-y05-55535.xml
VJ_21-464-_-y05-55535-48-Su,PK0003436:4,ABLO:PK0003436:4:464,JP_21-464-_-y05-55535-5-I-2,12:40:00,10,Sunday,218,tfl_21-464-_-y05-55535.xml
VJ_21-464-_-y05-55535-53-Su,PK0003436:4,ABLO:PK0003436:4:464,JP_21-464-_-y05-55535-5-I-2,13:40:00,12,Sunday,219,tfl_21-464-_-y05-55535.xml
VJ_21-464-_-y05-55535-58-Su,PK0003436:4,ABLO:PK0003436:4:464,JP_21-464-_-y05-55535-5-I-2,14:40:00,14,Sunday,220,tfl_21-464-_-y05-55535.xml
VJ_21-464-_-y05-55535-61-Su,PK0003436:4,ABLO:PK0003436:4:464,JP_21-464-_-y05-55535-5-I-2,15:40:00,16,Sunday,221,tfl_21-464-_-y05-55535.xml
VJ_21-464-_-y05-55535-64-Su,PK0003436:4,ABLO:PK0003436:4:464,JP_21-464-_-y05-55535-5-I-2,16:40:00,18,Sunday,222,tfl_21-464-_-y05-55535.xml
VJ_21-464-_-y05-55535-67-Su,PK0003436:4,ABLO:PK0003436:4:464,JP_21-464-_-y05-55535-5-I-2,17:40:00,20,Sunday,223,tfl_21-464-_-y05-55535.xml
VJ_21-464-_-y05-55535-70-Su,PK0003436:4,ABLO:PK0003436:4:464,JP_21-464-_-y05-55535-5-I-2,18:40:00,22,Sunday,224,tfl_21-464-_-y05-55535.xml
VJ_21-464-_-y05-55535-74-Su,PK0003436:4,ABLO:PK0003436:4:464,JP_21-464-_-y05-55535-5-I-2,19:40:00,24,Sunday,225,tfl_21-464-_-y05-55535.xml
VJ_21-464-_-y05-55535-113-Su,PK0003436:4,ABLO:PK0003436:4:464,JP_21-464-_-y05-55535-3-O-4,08:10:00,1,Sunday,100,tfl_21-464-_-y05-55535.xml
VJ_21-464-_-y05-55535-114-Su,PK0003436:4,ABLO:PK0003436:4:464,JP_21-464-_-y05-55535-3-O-4,09:10:00,3,Sunday,101,tfl_21-464-_-y05-55535.xml
VJ_21-464-_-y05-55535-123-Su,PK0003436:4,ABLO:PK0003436:4:464,JP_21-464-_-y05-55535-4-O-4,21:10:00,27,Sunday,113,tfl_21-464-_-y05-55535.xml
VJ_21-464-_-y05-55535-124-Su,PK0003436:4,ABLO:PK0003436:4:464,JP_21-464-_-y05-55535-4-O-4,22:10:00,29,Sunday,114,tfl_21-464-_-y05-55535.xml
VJ_21-464-_-y05-55535-125-Su,PK0003436:4,ABLO:PK0003436:4:464,JP_21-464-_-y05-55535-4-O-4,23:10:00,31,Sunday,115,tfl_21-464-_-y05-55535.xml
VJ_21-464-_-y05-55535-126-Su,PK0003436:4,ABLO:PK0003436:4:464,JP_21-464-_-y05-55535-4-O-4,00:10:00,33,Sunday,116,tfl_21-464-_-y05-55535.xml
VJ_21-464-_-y05-55535-140-Su,PK0003436:4,ABLO:PK0003436:4:464,JP_21-464-_-y05-55535-7-O-4,10:10:00,5,Sunday,102,tfl_21-464-_-y05-55535.xml
VJ_21-464-_-y05-55535-143-Su,PK0003436:4,ABLO:PK0003436:4:464,JP_21-464-_-y05-55535-7-O-4,11:10:00,7,Sunday,103,tfl_21-464-_-y05-55535.xml
VJ_21-464-_-y05-55535-146-Su,PK0003436:4,ABLO:PK0003436:4:464,JP_21-464-_-y05-55535-7-O-4,12:10:00,9,Sunday,104,tfl_21-464-_-y05-55535.xml
VJ_21-464-_-y05-55535-148-Su,PK0003436:4,ABLO:PK0003436:4:464,JP_21-464-_-y05-55535-7-O-4,13:10:00,11,Sunday,105,tfl_21-464-_-y05-55535.xml
VJ_21-464-_-y05-55535-151-Su,PK0003436:4,ABLO:PK0003436:4:464,JP_21-464-_-y05-55535-7-O-4,14:10:00,13,Sunday,106,tfl_21-464-_-y05-55535.xml
VJ_21-464-_-y05-55535-154-Su,PK0003436:4,ABLO:PK0003436:4:464,JP_21-464-_-y05-55535-7-O-4,15:10:00,15,Sunday,107,tfl_21-464-_-y05-55535.xml
VJ_21-464-_-y05-55535-157-Su,PK0003436:4,ABLO:PK0003436:4:464,JP_21-464-_-y05-55535-7-O-4,16:10:00,17,Sunday,108,tfl_21-464-_-y05-55535.xml
VJ_21-464-_-y05-55535-160-Su,PK0003436:4,ABLO:PK0003436:4:464,JP_21-464-_-y05-55535-7-O-4,17:10:00,19,Sunday,109,tfl_21-464-_-y05-55535.xml
VJ_21-464-_-y05-55535-163-Su,PK0003436:4,ABLO:PK0003436:4:464,JP_21-464-_-y05-55535-7-O-4,18:10:00,21,Sunday,110,tfl_21-464-_-y05-55535.xml
VJ_21-464-_-y05-55535-166-Su,PK0003436:4,ABLO:PK0003436:4:464,JP_21-464-_-y05-55535-7-O-4,19:10:00,23,Sunday,111,tfl_21-464-_-y05-55535.xml
VJ_21-464-_-y05-55535-168-Su,PK0003436:4,ABLO:PK0003436:4:464,JP_21-464-_-y05-55535-7-O-4,20:10:00,25,Sunday,112,tfl_21-464-_-y05-55535.xml
VJ_21-464-_-y05-55535-1-MFHo,PK0003436:4,ABLO:PK0003436:4:464,JP_21-464-_-y05-55535-3-I-2,20:40:00,56,"Monday,Tuesday,Wednesday,Thursday,Friday",144,tfl_21-464-_-y05-55535.xml
VJ_21-464-_-y05-55535-2-MFHo,PK0003436:4,ABLO:PK0003436:4:464,JP_21-464-_-y05-55535-3-I-2,21:40:00,58,"Monday,Tuesday,Wednesday,Thursday,Friday",145,tfl_21-464-_-y05-55535.xml
VJ_21-464-_-y05-55535-3-MFHo,PK0003436:4,ABLO:PK0003436:4:464,JP_21-464-_-y05-55535-3-I-2,22:40:00,60,"Monday,Tuesday,Wednesday,Thursday,Friday",146,tfl_21-464-_-y05-55535.xml
VJ_21-464-_-y05-55535-4-MFHo,PK0003436:4,ABLO:PK0003436:4:464,JP_21-464-_-y05-55535-3-I-2,23:40:00,62,"Monday,Tuesday,Wednesday,Thursday,Friday",147,tfl_21-464-_-y05-55535.xml
VJ_21-464-_-y05-55535-5-MFHo,PK0003436:4,ABLO:PK0003436:4:464,JP_21-464-_-y05-55535-3-I-2,00:40:00,64,"Monday,Tuesday,Wednesday,Thursday,Friday",148,tfl_21-464-_-y05-55535.xml
VJ_21-464-_-y05-55535-6-MFHo,PK0003436:4,ABLO:PK0003436:4:464,JP_21-464-_-y05-55535-4-I-2,06:40:00,2,"Monday,Tuesday,Wednesday,Thursday,Friday",117,tfl_21-464-_-y05-55535.xml
VJ_21-464-_-y05-55535-7-MFHo,PK0003436:4,ABLO:PK0003436:4:464,JP_21-464-_-y05-55535-4-I-2,07:10:00,4,"Monday,Tuesday,Wednesday,Thursday,Friday",118,tfl_21-464-_-y05-55535.xml
VJ_21-464-_-y05-55535-8-MFHo,PK0003436:4,ABLO:PK0003436:4:464,JP_21-464-_-y05-55535-5-I-2,10:10:00,16,"Monday,Tuesday,Wednesday,Thursday,Friday",124,tfl_21-464-_-y05-55535.xml
VJ_21-464-_-y05-55535-9-MFHo,PK0003436:4,ABLO:PK0003436:4:464,JP_21-464-_-y05-55535-5-I-2,10:40:00,18,"Monday,Tuesday,Wednesday,Thursday,Friday",125,tfl_21-464-_-y05-55535.xml
VJ_21-464-_-y05-55535-10-MFHo,PK0003436:4,ABLO:PK0003436:4:464,JP_21-464-_-y05-55535-5-I-2,11:10:00,20,"Monday,Tuesday,Wednesday,Thursday,Friday",126,tfl_21-464-_-y05-55535.xml
VJ_21-464-_-y05-55535-11-MFHo,PK0003436:4,ABLO:PK0003436:4:464,JP_21-464-_-y05-55535-5-I-2,11:40:00,22,"Monday,Tuesday,Wednesday,Thursday,Friday",127,tfl_21-464-_-y05-55535.xml
VJ_21-464-_-y05-55535-12-MFHo,PK0003436:4,ABLO:PK0003436:4:464,JP_21-464-_-y05-55535-5-I-2,12:10:00,24,"Monday,Tuesday,Wednesday,Thursday,Friday",128,tfl_21-464-_-y05-55535.xml
VJ_21-464-_-y05-55535-13-MFHo,PK0003436:4,ABLO:PK0003436:4:464,JP_21-464-_-y05-55535-5-I-2,12:40:00,26,"Monday,Tuesday,Wednesday,Thursday,Friday",129,tfl_21-464-_-y05-55535.xml
VJ_21-464-_-y05-55535-14-MFHo,PK0003436:4,ABLO:PK0003436:4:464,JP_21-464-_-y05-55535-5-I-2,13:10:00,28,"Monday,Tuesday,Wednesday,Thursday,Friday",130,tfl_21-464-_-y05-55535.xml
VJ_21-464-_-y05-55535-15-MFHo,PK0003436:4,ABLO:PK0003436:4:464,JP_21-464-_-y05-55535-5-I-2,13:40:00,30,"Monday,Tuesday,Wednesday,Thursday,Friday",131,tfl_21-464-_-y05-55535.xml
VJ_21-464-_-y05-55535-16-MFHo,PK0003436:4,ABLO:PK0003436:4:464,JP_21-464-_-y05-55535-5-I-2,14:10:00,32,"Monday,Tuesday,Wednesday,Thursday,Friday",132,tfl_21-464-_-y05-55535.xml
VJ_21-464-_-y05-55535-17-MFHo,PK0003436:4,ABLO:PK0003436:4:464,JP_21-464-_-y05-55535-5-I-2,19:10:00,52,"Monday,Tuesday,Wednesday,Thursday,Friday",142,tfl_21-464-_-y05-55535.xml
VJ_21-464-_-y05-55535-18-MFHo,PK0003436:4,ABLO:PK0003436:4:464,JP_21-464-_-y05-55535-5-I-2,19:40:00,54,"Monday,Tuesday,Wednesday,Thursday,Friday",143,tfl_21-464-_-y05-55535.xml
VJ_21-464-_-y05-55535-19-MFHo,PK0003436:4,ABLO:PK0003436:4:464,JP_21-464-_-y05-55535-6-I-2,14:40:00,34,"Monday,Tuesday,Wednesday,Thursday,Friday",133,tfl_21-464-_-y05-55535.xml
VJ_21-464-_-y05-55535-20-MFHo,PK0003436:4,ABLO:PK0003436:4:464,JP_21-464-_-y05-55535-6-I-2,15:10:00,36,"Monday,Tuesday,Wednesday,Thursday,Friday",134,tfl_21-464-_-y05-55535.xml
VJ_21-464-_-y05-55535-21-MFHo,PK0003436:4,ABLO:PK0003436:4:464,JP_21-464-_-y05-55535-6-I-2,15:40:00,38,"Monday,Tuesday,Wednesday,Thursday,Friday",135,tfl_21-464-_-y05-55535.xml
VJ_21-464-_-y05-55535-22-MFHo,PK0003436:4,ABLO:PK0003436:4:464,JP_21-464-_-y05-55535-6-I-2,16:10:00,40,"Monday,Tuesday,Wednesday,Thursday,Friday",136,tfl_21-464-_-y05-55535.xml
VJ_21-464-_-y05-55535-23-MFHo,PK0003436:4,ABLO:PK0003436:4:464,JP_21-464-_-y05-55535-6-I-2,16:40:00,42,"Monday,Tuesday,Wednesday,Thursday,Friday",137,tfl_21-464-_-y05-55535.xml
VJ_21-464-_-y05-55535-24-MFHo,PK0003436:4,ABLO:PK0003436:4:464,JP_21-464-_-y05-55535-6-I-2,17:10:00,44,"Monday,Tuesday,Wednesday,Thursday,Friday",138,tfl_21-464-_-y05-55535.xml
VJ_21-464-_-y05-55535-25-MFHo,PK0003436:4,ABLO:PK0003436:4:464,JP_21-464-_-y05-55535-6-I-2,17:40:00,46,"Monday,Tuesday,Wednesday,Thursday,Friday",139,tfl_21-464-_-y05-55535.xml
VJ_21-464-_-y05-55535-26-MFHo,PK0003436:4,ABLO:PK0003436:4:464,JP_21-464-_-y05-55535-6-I-2,18:10:00,48,"Monday,Tuesday,Wednesday,Thursday,Friday",140,tfl_21-464-_-y05-55535.xml
VJ_21-464-_-y05-55535-27-MFHo,PK0003436:4,ABLO:PK0003436:4:464,JP_21-464-_-y05-55535-6-I-2,18:40:00,50,"Monday,Tuesday,Wednesday,Thursday,Friday",141,tfl_21-464-_-y05-55535.xml
VJ_21-464-_-y05-55535-28-MFHo,PK0003436:4,ABLO:PK0003436:4:464,JP_21-464-_-y05-55535-7-I-2,07:40:00,6,"Monday,Tuesday,Wednesday,Thursday,Friday",119,tfl_21-464-_-y05-55535.xml
VJ_21-464-_-y05-55535-29-MFHo,PK0003436:4,ABLO:PK0003436:4:464,JP_21-464-_-y05-55535-7-I-2,08:10:00,8,"Monday,Tuesday,Wednesday,Thursday,Friday",120,tfl_21-464-_-y05-55535.xml
VJ_21-464-_-y05-55535-30-MFHo,PK0003436:4,ABLO:PK0003436:4:464,JP_21-464-_-y05-55535-7-I-2,08:40:00,10,"Monday,Tuesday,Wednesday,Thursday,Friday",121,tfl_21-464-_-y05-55535.xml
VJ_21-464-_-y05-55535-31-MFHo,PK0003436:4,ABLO:PK0003436:4:464,JP_21-464-_-y05-55535-7-I-2,09:10:00,12,"Monday,Tuesday,Wednesday,Thursday,Friday",122,tfl_21-464-_-y05-55535.xml
VJ_21-464-_-y05-55535-32-MFHo,PK0003436:4,ABLO:PK0003436:4:464,JP_21-464-_-y05-55535-7-I-2,09:40:00,14,"Monday,Tuesday,Wednesday,Thursday,Friday",123,tfl_21-464-_-y05-55535.xml
VJ_21-464-_-y05-55535-33-MFHo,PK0003436:4,ABLO:PK0003436:4:464,JP_21-464-_-y05-55535-3-O-4,21:10:00,59,"Monday,Tuesday,Wednesday,Thursday,Friday",30,tfl_21-464-_-y05-55535.xml
VJ_21-464-_-y05-55535-34-MFHo,PK0003436:4,ABLO:PK0003436:4:464,JP_21-464-_-y05-55535-3-O-4,22:10:00,61,"Monday,Tuesday,Wednesday,Thursday,Friday",31,tfl_21-464-_-y05-55535.xml
VJ_21-464-_-y05-55535-35-MFHo,PK0003436:4,ABLO:PK0003436:4:464,JP_21-464-_-y05-55535-3-O-4,23:10:00,63,"Monday,Tuesday,Wednesday,Thursday,Friday",32,tfl_21-464-_-y05-55535.xml
VJ_21-464-_-y05-55535-36-MFHo,PK0003436:4,ABLO:PK0003436:4:464,JP_21-464-_-y05-55535-3-O-4,00:10:00,65,"Monday,Tuesday,Wednesday,Thursday,Friday",33,tfl_21-464-_-y05-55535.xml
VJ_21-464-_-y05-55535-37-MFHo,PK0003436:4,ABLO:PK0003436:4:464,JP_21-464-_-y05-55535-5-O-4,06:10:00,1,"Monday,Tuesday,Wednesday,Thursday,Friday",1,tfl_21-464-_-y05-55535.xml
VJ_21-464-_-y05-55535-38-MFHo,PK0003436:4,ABLO:PK0003436:4:464,JP_21-464-_-y05-55535-5-O-4,06:40:00,3,"Monday,Tuesday,Wednesday,Thursday,Friday",2,tfl_21-464-_-y05-55535.xml
VJ_21-464-_-y05-55535-39-MFHo,PK0003436:4,ABLO:PK0003436:4:464,JP_21-464-_-y05-55535-7-O-4,07:10:00,5,"Monday,Tuesday,Wednesday,Thursday,Friday",3,tfl_21-464-_-y05-55535.xml
VJ_21-464-_-y05-55535-40-MFHo,PK0003436:4,ABLO:PK0003436:4:464,JP_21-464-_-y05-55535-8-O-4,09:10:00,13,"Monday,Tuesday,Wednesday,Thursday,Friday",7,tfl_21-464-_-y05-55535.xml
VJ_21-464-_-y05-55535-41-MFHo,PK0003436:4,ABLO:PK0003436:4:464,JP_21-464-_-y05-55535-8-O-4,09:40:00,15,"Monday,Tuesday,Wednesday,Thursday,Friday",8,tfl_21-464-_-y05-55535.xml
VJ_21-464-_-y05-55535-42-MFHo,PK0003436:4,ABLO:PK0003436:4:464,JP_21-464-_-y05-55535-8-O-4,10:10:00,17,"Monday,Tuesday,Wednesday,Thursday,Friday",9,tfl_21-464-_-y05-55535.xml
VJ_21-464-_-y05-55535-43-MFHo,PK0003436:4,ABLO:PK0003436:4:464,JP_21-464-_-y05-55535-8-O-4,10:40:00,19,"Monday,Tuesday,Wednesday,Thursday,Friday",10,tfl_21-464-_-y05-55535.xml
VJ_21-464-_-y05-55535-44-MFHo,PK0003436:4,ABLO:PK0003436:4:464,JP_21-464-_-y05-55535-8-O-4,11:10:00,21,"Monday,Tuesday,Wednesday,Thursday,Friday",11,tfl_21-464-_-y05-55535.xml
VJ_21-464-_-y05-55535-45-MFHo,PK0003436:4,ABLO:PK0003436:4:464,JP_21-464-_-y05-55535-8-O-4,11:40:00,23,"Monday,Tuesday,Wednesday,Thursday,Friday",12,tfl_21-464-_-y05-55535.xml
VJ_21-464-_-y05-55535-46-MFHo,PK0003436:4,ABLO:PK0003436:4:464,JP_21-464-_-y05-55535-8-O-4,12:10:00,25,"Monday,Tuesday,Wednesday,Thursday,Friday",13,tfl_21-464-_-y05-55535.xml
VJ_21-464-_-y05-55535-47-MFHo,PK0003436:4,ABLO:PK0003436:4:464,JP_21-464-_-y05-55535-8-O-4,12:40:00,27,"Monday,Tuesday,Wednesday,Thursday,Friday",14,tfl_21-464-_-y05-55535.xml
VJ_21-464-_-y05-55535-48-MFHo,PK0003436:4,ABLO:PK0003436:4:464,JP_21-464-_-y05-55535-8-O-4,13:10:00,29,"Monday,Tuesday,Wednesday,Thursday,Friday",15,tfl_21-464-_-y05-55535.xml
VJ_21-464-_-y05-55535-49-MFHo,PK0003436:4,ABLO:PK0003436:4:464,JP_21-464-_-y05-55535-8-O-4,13:40:00,31,"Monday,Tuesday,Wednesday,Thursday,Friday",16,tfl_21-464-_-y05-55535.xml
VJ_21-464-_-y05-55535-50-MFHo,PK0003436:4,ABLO:PK0003436:4:464,JP_21-464-_-y05-55535-8-O-4,14:10:00,33,"Monday,Tuesday,Wednesday,Thursday,Friday",17,tfl_21-464-_-y05-55535.xml
VJ_21-464-_-y05-55535-51-MFHo,PK0003436:4,ABLO:PK0003436:4:464,JP_21-464-_-y05-55535-8-O-4,19:10:00,53,"Monday,Tuesday,Wednesday,Thursday,Friday",27,tfl_21-464-_-y05-55535.xml
VJ_21-464-_-y05-55535-52-MFHo,PK0003436:4,ABLO:PK0003436:4:464,JP_21-464-_-y05-55535-8-O-4,19:40:00,55,"Monday,Tuesday,Wednesday,Thursday,Friday",28,tfl_21-464-_-y05-55535.xml
VJ_21-464-_-y05-55535-53-MFHo,PK0003436:4,ABLO:PK0003436:4:464,JP_21-464-_-y05-55535-8-O-4,20:10:00,57,"Monday,Tuesday,Wednesday,Thursday,Friday",29,tfl_21-464-_-y05-55535.xml
VJ_21-464-_-y05-55535-54-MFHo,PK0003436:4,ABLO:PK0003436:4:464,JP_21-464-_-y05-55535-9-O-4,07:40:00,7,"Monday,Tuesday,Wednesday,Thursday,Friday",4,tfl_21-464-_-y05-55535.xml
VJ_21-464-_-y05-55535-55-MFHo,PK0003436:4,ABLO:PK0003436:4:464,JP_21-464-_-y05-55535-9-O-4,08:10:00,9,"Monday,Tuesday,Wednesday,Thursday,Friday",5,tfl_21-464-_-y05-55535.xml
VJ_21-464-_-y05-55535-56-MFHo,PK0003436:4,ABLO:PK0003436:4:464,JP_21-464-_-y05-55535-9-O-4,08:40:00,11,"Monday,Tuesday,Wednesday,Thursday,Friday",6,tfl_21-464-_-y05-55535.xml
VJ_21-464-_-y05-55535-57-MFHo,PK0003436:4,ABLO:PK0003436:4:464,JP_21-464-_-y05-55535-10-O-4,14:40:00,35,"Monday,Tuesday,Wednesday,Thursday,Friday",18,tfl_21-464-_-y05-55535.xml
VJ_21-464-_-y05-55535-58-MFHo,PK0003436:4,ABLO:PK0003436:4:464,JP_21-464-_-y05-55535-11-O-4,15:10:00,37,"Monday,Tuesday,Wednesday,Thursday,Friday",19,tfl_21-464-_-y05-55535.xml
VJ_21-464-_-y05-55535-59-MFHo,PK0003436:4,ABLO:PK0003436:4:464,JP_21-464-_-y05-55535-11-O-4,15:40:00,39,"Monday,Tuesday,Wednesday,Thursday,Friday",20,tfl_21-464-_-y05-55535.xml
VJ_21-464-_-y05-55535-60-MFHo,PK0003436:4,ABLO:PK0003436:4:464,JP_21-464-_-y05-55535-11-O-4,16:10:00,41,"Monday,Tuesday,Wednesday,Thursday,Friday",21,tfl_21-464-_-y05-55535.xml
VJ_21-464-_-y05-55535-61-MFHo,PK0003436:4,ABLO:PK0003436:4:464,JP_21-464-_-y05-55535-11-O-4,16:40:00,43,"Monday,Tuesday,Wednesday,Thursday,Friday",22,tfl_21-464-_-y05-55535.xml
VJ_21-464-_-y05-55535-62-MFHo,PK0003436:4,ABLO:PK0003436:4:464,JP_21-464-_-y05-55535-11-O-4,17:10:00,45,"Monday,Tuesday,Wednesday,Thursday,Friday",23,tfl_21-464-_-y05-55535.xml
VJ_21-464-_-y05-55535-63-MFHo,PK0003436:4,ABLO:PK0003436:4:464,JP_21-464-_-y05-55535-11-O-4,17:40:00,47,"Monday,Tuesday,Wednesday,Thursday,Friday",24,tfl_21-464-_-y05-55535.xml
VJ_21-464-_-y05-55535-64-MFHo,PK0003436:4,ABLO:PK0003436:4:464,JP_21-464-_-y05-55535-11-O-4,18:10:00,49,"Monday,Tuesday,Wednesday,Thursday,Friday",25,tfl_21-464-_-y05-55535.xml
VJ_21-464-_-y05-55535-65-MFHo,PK0003436:4,ABLO:PK0003436:4:464,JP_21-464-_-y05-55535-11-O-4,18:40:00,51,"Monday,Tuesday,Wednesday,Thursday,Friday",26,tfl_21-464-_-y05-55535.xml
VJ_21-464-_-y05-55538-1-MFSc,PK0003436:4,ABLO:PK0003436:4:464,JP_21-464-_-y05-55538-1-I-1,07:35:00,4,"Monday,Tuesday,Wednesday,Thursday,Friday",58,tfl_21-464-_-y05-55538.xml
VJ_21-464-_-y05-55538-3-MFSc,PK0003436:4,ABLO:PK0003436:4:464,JP_21-464-_-y05-55538-2-I-2,20:40:00,32,"Monday,Tuesday,Wednesday,Thursday,Friday",72,tfl_21-464-_-y05-55538.xml
VJ_21-464-_-y05-55538-5-MFSc,PK0003436:4,ABLO:PK0003436:4:464,JP_21-464-_-y05-55538-2-I-2,21:40:00,34,"Monday,Tuesday,Wednesday,Thursday,Friday",73,tfl_21-464-_-y05-55538.xml
VJ_21-464-_-y05-55538-7-MFSc,PK0003436:4,ABLO:PK0003436:4:464,JP_21-464-_-y05-55538-2-I-2,22:40:00,36,"Monday,Tuesday,Wednesday,Thursday,Friday",74,tfl_21-464-_-y05-55538.xml
VJ_21-464-_-y05-55538-9-MFSc,PK0003436:4,ABLO:PK0003436:4:464,JP_21-464-_-y05-55538-2-I-2,23:40:00,38,"Monday,Tuesday,Wednesday,Thursday,Friday",75,tfl_21-464-_-y05-55538.xml
VJ_21-464-_-y05-55538-11-MFSc,PK0003436:4,ABLO:PK0003436:4:464,JP_21-464-_-y05-55538-2-I-2,00:40:00,40,"Monday,Tuesday,Wednesday,Thursday,Friday",76,tfl_21-464-_-y05-55538.xml
VJ_21-464-_-y05-55538-12-MFSc,PK0003436:4,ABLO:PK0003436:4:464,JP_21-464-_-y05-55538-3-I-2,06:40:00,2,"Monday,Tuesday,Wednesday,Thursday,Friday",57,tfl_21-464-_-y05-55538.xml
VJ_21-464-_-y05-55538-14-MFSc,PK0003436:4,ABLO:PK0003436:4:464,JP_21-464-_-y05-55538-4-I-2,10:40:00,12,"Monday,Tuesday,Wednesday,Thursday,Friday",62,tfl_21-464-_-y05-55538.xml
VJ_21-464-_-y05-55538-16-MFSc,PK0003436:4,ABLO:PK0003436:4:464,JP_21-464-_-y05-55538-4-I-2,11:40:00,14,"Monday,Tuesday,Wednesday,Thursday,Friday",63,tfl_21-464-_-y05-55538.xml
VJ_21-464-_-y05-55538-18-MFSc,PK0003436:4,ABLO:PK0003436:4:464,JP_21-464-_-y05-55538-4-I-2,12:40:00,16,"Monday,Tuesday,Wednesday,Thursday,Friday",64,tfl_21-464-_-y05-55538.xml
VJ_21-464-_-y05-55538-20-MFSc,PK0003436:4,ABLO:PK0003436:4:464,JP_21-464-_-y05-55538-4-I-2,13:40:00,18,"Monday,Tuesday,Wednesday,Thursday,Friday",65,tfl_21-464-_-y05-55538.xml
VJ_21-464-_-y05-55538-22-MFSc,PK0003436:4,ABLO:PK0003436:4:464,JP_21-464-_-y05-55538-4-I-2,19:40:00,30,"Monday,Tuesday,Wednesday,Thursday,Friday",71,tfl_21-464-_-y05-55538.xml
VJ_21-464-_-y05-55538-31-MFSc,PK0003436:4,ABLO:PK0003436:4:464,JP_21-464-_-y05-55538-6-I-2,18:40:00,28,"Monday,Tuesday,Wednesday,Thursday,Friday",70,tfl_21-464-_-y05-55538.xml
VJ_21-464-_-y05-55538-32-MFSc,PK0003436:4,ABLO:PK0003436:4:464,JP_21-464-_-y05-55538-7-I-2,14:40:00,20,"Monday,Tuesday,Wednesday,Thursday,Friday",66,tfl_21-464-_-y05-55538.xml
VJ_21-464-_-y05-55538-33-MFSc,PK0003436:4,ABLO:PK0003436:4:464,JP_21-464-_-y05-55538-7-I-2,15:40:00,22,"Monday,Tuesday,Wednesday,Thursday,Friday",67,tfl_21-464-_-y05-55538.xml
VJ_21-464-_-y05-55538-34-MFSc,PK0003436:4,ABLO:PK0003436:4:464,JP_21-464-_-y05-55538-7-I-2,16:40:00,24,"Monday,Tuesday,Wednesday,Thursday,Friday",68,tfl_21-464-_-y05-55538.xml
VJ_21-464-_-y05-55538-35-MFSc,PK0003436:4,ABLO:PK0003436:4:464,JP_21-464-_-y05-55538-7-I-2,17:40:00,26,"Monday,Tuesday,Wednesday,Thursday,Friday",69,tfl_21-464-_-y05-55538.xml
VJ_21-464-_-y05-55538-36-MFSc,PK0003436:4,ABLO:PK0003436:4:464,JP_21-464-_-y05-55538-8-I-2,09:40:00,10,"Monday,Tuesday,Wednesday,Thursday,Friday",61,tfl_21-464-_-y05-55538.xml
VJ_21-464-_-y05-55538-37-MFSc,PK0003436:4,ABLO:PK0003436:4:464,JP_21-464-_-y05-55538-9-I-2,07:40:00,6,"Monday,Tuesday,Wednesday,Thursday,Friday",59,tfl_21-464-_-y05-55538.xml
VJ_21-464-_-y05-55538-38-MFSc,PK0003436:4,ABLO:PK0003436:4:464,JP_21-464-_-y05-55538-9-I-2,08:40:00,8,"Monday,Tuesday,Wednesday,Thursday,Friday",60,tfl_21-464-_-y05-55538.xml
VJ_21-464-_-y05-55538-39-MFSc,PK0003436:4,ABLO:PK0003436:4:464,JP_21-464-_-y05-55538-1-O-3,21:40:00,33,"Monday,Tuesday,Wednesday,Thursday,Friday",17,tfl_21-464-_-y05-55538.xml
VJ_21-464-_-y05-55538-40-MFSc,PK0003436:4,ABLO:PK0003436:4:464,JP_21-464-_-y05-55538-1-O-3,22:40:00,35,"Monday,Tuesday,Wednesday,Thursday,Friday",18,tfl_21-464-_-y05-55538.xml
VJ_21-464-_-y05-55538-41-MFSc,PK0003436:4,ABLO:PK0003436:4:464,JP_21-464-_-y05-55538-1-O-3,23:40:00,37,"Monday,Tuesday,Wednesday,Thursday,Friday",19,tfl_21-464-_-y05-55538.xml
VJ_21-464-_-y05-55538-42-MFSc,PK0003436:4,ABLO:PK0003436:4:464,JP_21-464-_-y05-55538-3-O-3,20:40:00,31,"Monday,Tuesday,Wednesday,Thursday,Friday",16,tfl_21-464-_-y05-55538.xml
VJ_21-464-_-y05-55538-43-MFSc,PK0003436:4,ABLO:PK0003436:4:464,JP_21-464-_-y05-55538-4-O-3,05:40:00,1,"Monday,Tuesday,Wednesday,Thursday,Friday",1,tfl_21-464-_-y05-55538.xml
VJ_21-464-_-y05-55538-44-MFSc,PK0003436:4,ABLO:PK0003436:4:464,JP_21-464-_-y05-55538-4-O-3,06:40:00,3,"Monday,Tuesday,Wednesday,Thursday,Friday",2,tfl_21-464-_-y05-55538.xml
VJ_21-464-_-y05-55538-48-MFSc,PK0003436:4,ABLO:PK0003436:4:464,JP_21-464-_-y05-55538-7-O-3,09:40:00,9,"Monday,Tuesday,Wednesday,Thursday,Friday",5,tfl_21-464-_-y05-55538.xml
VJ_21-464-_-y05-55538-49-MFSc,PK0003436:4,ABLO:PK0003436:4:464,JP_21-464-_-y05-55538-7-O-3,10:40:00,11,"Monday,Tuesday,Wednesday,Thursday,Friday",6,tfl_21-464-_-y05-55538.xml
VJ_21-464-_-y05-55538-50-MFSc,PK0003436:4,ABLO:PK0003436:4:464,JP_21-464-_-y05-55538-7-O-3,11:40:00,13,"Monday,Tuesday,Wednesday,Thursday,Friday",7,tfl_21-464-_-y05-55538.xml
VJ_21-464-_-y05-55538-51-MFSc,PK0003436:4,ABLO:PK0003436:4:464,JP_21-464-_-y05-55538-7-O-3,12:40:00,15,"Monday,Tuesday,Wednesday,Thursday,Friday",8,tfl_21-464-_-y05-55538.xml
VJ_21-464-_-y05-55538-52-MFSc,PK0003436:4,ABLO:PK0003436:4:464,JP_21-464-_-y05-55538-7-O-3,13:40:00,17,"Monday,Tuesday,Wednesday,Thursday,Friday",9,tfl_21-464-_-y05-55538.xml
VJ_21-464-_-y05-55538-53-MFSc,PK0003436:4,ABLO:PK0003436:4:464,JP_21-464-_-y05-55538-7-O-3,19:40:00,29,"Monday,Tuesday,Wednesday,Thursday,Friday",15,tfl_21-464-_-y05-55538.xml
VJ_21-464-_-y05-55538-55-MFSc,PK0003436:4,ABLO:PK0003436:4:464,JP_21-464-_-y05-55538-8-O-3,07:40:00,5,"Monday,Tuesday,Wednesday,Thursday,Friday",3,tfl_21-464-_-y05-55538.xml
VJ_21-464-_-y05-55538-56-MFSc,PK0003436:4,ABLO:PK0003436:4:464,JP_21-464-_-y05-55538-8-O-3,08:40:00,7,"Monday,Tuesday,Wednesday,Thursday,Friday",4,tfl_21-464-_-y05-55538.xml
VJ_21-464-_-y05-55538-57-MFSc,PK0003436:4,ABLO:PK0003436:4:464,JP_21-464-_-y05-55538-9-O-3,14:40:00,19,"Monday,Tuesday,Wednesday,Thursday,Friday",10,tfl_21-464-_-y05-55538.xml
VJ_21-464-_-y05-55538-62-MFSc,PK0003436:4,ABLO:PK0003436:4:464,JP_21-464-_-y05-55538-10-O-3,15:40:00,21,"Monday,Tuesday,Wednesday,Thursday,Friday",11,tfl_21-464-_-y05-55538.xml
VJ_21-464-_-y05-55538-63-MFSc,PK0003436:4,ABLO:PK0003436:4:464,JP_21-464-_-y05-55538-10-O-3,16:40:00,23,"Monday,Tuesday,Wednesday,Thursday,Friday",12,tfl_21-464-_-y05-55538.xml
VJ_21-464-_-y05-55538-64-MFSc,PK0003436:4,ABLO:PK0003436:4:464,JP_21-464-_-y05-55538-10-O-3,17:40:00,25,"Monday,Tuesday,Wednesday,Thursday,Friday",13,tfl_21-464-_-y05-55538.xml
VJ_21-464-_-y05-55538-65-MFSc,PK0003436:4,ABLO:PK0003436:4:464,JP_21-464-_-y05-55538-10-O-3,18:40:00,27,"Monday,Tuesday,Wednesday,Thursday,Friday",14,tfl_21-464-_-y05-55538.xml
VJ_21-464-_-y05-55538-1-Sa,PK0003436:4,ABLO:PK0003436:4:464,JP_21-464-_-y05-55538-2-I-2,06:40:00,2,Saturday,77,tfl_21-464-_-y05-55538.xml
VJ_21-464-_-y05-55538-2-Sa,PK0003436:4,ABLO:PK0003436:4:464,JP_21-464-_-y05-55538-2-I-2,07:40:00,4,Saturday,78,tfl_21-464-_-y05-55538.xml
VJ_21-464-_-y05-55538-3-Sa,PK0003436:4,ABLO:PK0003436:4:464,JP_21-464-_-y05-55538-2-I-2,21:40:00,32,Saturday,92,tfl_21-464-_-y05-55538.xml
VJ_21-464-_-y05-55538-4-Sa,PK0003436:4,ABLO:PK0003436:4:464,JP_21-464-_-y05-55538-2-I-2,22:40:00,34,Saturday,93,tfl_21-464-_-y05-55538.xml
VJ_21-464-_-y05-55538-5-Sa,PK0003436:4,ABLO:PK0003436:4:464,JP_21-464-_-y05-55538-2-I-2,23:40:00,36,Saturday,94,tfl_21-464-_-y05-55538.xml
VJ_21-464-_-y05-55538-6-Sa,PK0003436:4,ABLO:PK0003436:4:464,JP_21-464-_-y05-55538-2-I-2,00:40:00,38,Saturday,95,tfl_21-464-_-y05-55538.xml
VJ_21-464-_-y05-55538-7-Sa,PK0003436:4,ABLO:PK0003436:4:464,JP_21-464-_-y05-55538-3-I-2,20:40:00,30,Saturday,91,tfl_21-464-_-y05-55538.xml
VJ_21-464-_-y05-55538-8-Sa,PK0003436:4,ABLO:PK0003436:4:464,JP_21-464-_-y05-55538-4-I-2,08:40:00,6,Saturday,79,tfl_21-464-_-y05-55538.xml
VJ_21-464-_-y05-55538-9-Sa,PK0003436:4,ABLO:PK0003436:4:464,JP_21-464-_-y05-55538-4-I-2,09:40:00,8,Saturday,80,tfl_21-464-_-y05-55538.xml
VJ_21-464-_-y05-55538-10-Sa,PK0003436:4,ABLO:PK0003436:4:464,JP_21-464-_-y05-55538-4-I-2,10:40:00,10,Saturday,81,tfl_21-464-_-y05-55538.xml
VJ_21-464-_-y05-55538-11-Sa,PK0003436:4,ABLO:PK0003436:4:464,JP_21-464-_-y05-55538-4-I-2,11:40:00,12,Saturday,82,tfl_21-464-_-y05-55538.xml
VJ_21-464-_-y05-55538-12-Sa,PK0003436:4,ABLO:PK0003436:4:464,JP_21-464-_-y05-55538-4-I-2,12:40:00,14,Saturday,83,tfl_21-464-_-y05-55538.xml
VJ_21-464-_-y05-55538-13-Sa,PK0003436:4,ABLO:PK0003436:4:464,JP_21-464-_-y05-55538-4-I-2,13:40:00,16,Saturday,84,tfl_21-464-_-y05-55538.xml
VJ_21-464-_-y05-55538-14-Sa,PK0003436:4,ABLO:PK0003436:4:464,JP_21-464-_-y05-55538-4-I-2,14:40:00,18,Saturday,85,tfl_21-464-_-y05-55538.xml
VJ_21-464-_-y05-55538-15-Sa,PK0003436:4,ABLO:PK0003436:4:464,JP_21-464-_-y05-55538-4-I-2,15:40:00,20,Saturday,86,tfl_21-464-_-y05-55538.xml
VJ_21-464-_-y05-55538-16-Sa,PK0003436:4,ABLO:PK0003436:4:464,JP_21-464-_-y05-55538-4-I-2,16:40:00,22,Saturday,87,tfl_21-464-_-y05-55538.xml
VJ_21-464-_-y05-55538-17-Sa,PK0003436:4,ABLO:PK0003436:4:464,JP_21-464-_-y05-55538-4-I-2,17:40:00,24,Saturday,88,tfl_21-464-_-y05-55538.xml
VJ_21-464-_-y05-55538-18-Sa,PK0003436:4,ABLO:PK0003436:4:464,JP_21-464-_-y05-55538-4-I-2,18:40:00,26,Saturday,89,tfl_21-464-_-y05-55538.xml
VJ_21-464-_-y05-55538-19-Sa,PK0003436:4,ABLO:PK0003436:4:464,JP_21-464-_-y05-55538-4-I-2,19:40:00,28,Saturday,90,tfl_21-464-_-y05-55538.xml
VJ_21-464-_-y05-55538-20-Sa,PK0003436:4,ABLO:PK0003436:4:464,JP_21-464-_-y05-55538-1-O-3,00:40:00,39,Saturday,39,tfl_21-464-_-y05-55538.xml
VJ_21-464-_-y05-55538-21-Sa,PK0003436:4,ABLO:PK0003436:4:464,JP_21-464-_-y05-55538-2-O-3,05:40:00,1,Saturday,20,tfl_21-464-_-y05-55538.xml
VJ_21-464-_-y05-55538-22-Sa,PK0003436:4,ABLO:PK0003436:4:464,JP_21-464-_-y05-55538-2-O-3,06:40:00,3,Saturday,21,tfl_21-464-_-y05-55538.xml
VJ_21-464-_-y05-55538-23-Sa,PK0003436:4,ABLO:PK0003436:4:464,JP_21-464-_-y05-55538-2-O-3,07:40:00,5,Saturday,22,tfl_21-464-_-y05-55538.xml
VJ_21-464-_-y05-55538-24-Sa,PK0003436:4,ABLO:PK0003436:4:464,JP_21-464-_-y05-55538-3-O-3,21:40:00,33,Saturday,36,tfl_21-464-_-y05-55538.xml
VJ_21-464-_-y05-55538-25-Sa,PK0003436:4,ABLO:PK0003436:4:464,JP_21-464-_-y05-55538-3-O-3,22:40:00,35,Saturday,37,tfl_21-464-_-y05-55538.xml
VJ_21-464-_-y05-55538-26-Sa,PK0003436:4,ABLO:PK0003436:4:464,JP_21-464-_-y05-55538-3-O-3,23:40:00,37,Saturday,38,tfl_21-464-_-y05-55538.xml
VJ_21-464-_-y05-55538-27-Sa,PK0003436:4,ABLO:PK0003436:4:464,JP_21-464-_-y05-55538-5-O-3,08:40:00,7,Saturday,23,tfl_21-464-_-y05-55538.xml
VJ_21-464-_-y05-55538-28-Sa,PK0003436:4,ABLO:PK0003436:4:464,JP_21-464-_-y05-55538-6-O-3,09:40:00,9,Saturday,24,tfl_21-464-_-y05-55538.xml
VJ_21-464-_-y05-55538-29-Sa,PK0003436:4,ABLO:PK0003436:4:464,JP_21-464-_-y05-55538-6-O-3,10:40:00,11,Saturday,25,tfl_21-464-_-y05-55538.xml
VJ_21-464-_-y05-55538-30-Sa,PK0003436:4,ABLO:PK0003436:4:464,JP_21-464-_-y05-55538-6-O-3,11:40:00,13,Saturday,26,tfl_21-464-_-y05-55538.xml
VJ_21-464-_-y05-55538-31-Sa,PK0003436:4,ABLO:PK0003436:4:464,JP_21-464-_-y05-55538-6-O-3,12:40:00,15,Saturday,27,tfl_21-464-_-y05-55538.xml
VJ_21-464-_-y05-55538-32-Sa,PK0003436:4,ABLO:PK0003436:4:464,JP_21-464-_-y05-55538-6-O-3,13:40:00,17,Saturday,28,tfl_21-464-_-y05-55538.xml
VJ_21-464-_-y05-55538-33-Sa,PK0003436:4,ABLO:PK0003436:4:464,JP_21-464-_-y05-55538-6-O-3,14:40:00,19,Saturday,29,tfl_21-464-_-y05-55538.xml
VJ_21-464-_-y05-55538-34-Sa,PK0003436:4,ABLO:PK0003436:4:464,JP_21-464-_-y05-55538-6-O-3,15:40:00,21,Saturday,30,tfl_21-464-_-y05-55538.xml
VJ_21-464-_-y05-55538-35-Sa,PK0003436:4,ABLO:PK0003436:4:464,JP_21-464-_-y05-55538-6-O-3,16:40:00,23,Saturday,31,tfl_21-464-_-y05-55538.xml
VJ_21-464-_-y05-55538-36-Sa,PK0003436:4,ABLO:PK0003436:4:464,JP_21-464-_-y05-55538-6-O-3,17:40:00,25,Saturday,32,tfl_21-464-_-y05-55538.xml
VJ_21-464-_-y05-55538-37-Sa,PK0003436:4,ABLO:PK0003436:4:464,JP_21-464-_-y05-55538-6-O-3,18:40:00,27,Saturday,33,tfl_21-464-_-y05-55538.xml
VJ_21-464-_-y05-55538-38-Sa,PK0003436:4,ABLO:PK0003436:4:464,JP_21-464-_-y05-55538-6-O-3,19:40:00,29,Saturday,34,tfl_21-464-_-y05-55538.xml
VJ_21-464-_-y05-55538-39-Sa,PK0003436:4,ABLO:PK0003436:4:464,JP_21-464-_-y05-55538-6-O-3,20:40:00,31,Saturday,35,tfl_21-464-_-y05-55538.xml
VJ_21-464-_-y05-55538-1-Su,PK0003436:4,ABLO:PK0003436:4:464,JP_21-464-_-y05-55538-2-I-2,07:40:00,2,Sunday,96,tfl_21-464-_-y05-55538.xml
VJ_21-464-_-y05-55538-2-Su,PK0003436:4,ABLO:PK0003436:4:464,JP_21-464-_-y05-55538-2-I-2,08:40:00,4,Sunday,97,tfl_21-464-_-y05-55538.xml
VJ_21-464-_-y05-55538-3-Su,PK0003436:4,ABLO:PK0003436:4:464,JP_21-464-_-y05-55538-2-I-2,09:40:00,6,Sunday,98,tfl_21-464-_-y05-55538.xml
VJ_21-464-_-y05-55538-4-Su,PK0003436:4,ABLO:PK0003436:4:464,JP_21-464-_-y05-55538-2-I-2,20:40:00,28,Sunday,109,tfl_21-464-_-y05-55538.xml
VJ_21-464-_-y05-55538-5-Su,PK0003436:4,ABLO:PK0003436:4:464,JP_21-464-_-y05-55538-2-I-2,21:40:00,30,Sunday,110,tfl_21-464-_-y05-55538.xml
VJ_21-464-_-y05-55538-6-Su,PK0003436:4,ABLO:PK0003436:4:464,JP_21-464-_-y05-55538-2-I-2,22:40:00,32,Sunday,111,tfl_21-464-_-y05-55538.xml
VJ_21-464-_-y05-55538-7-Su,PK0003436:4,ABLO:PK0003436:4:464,JP_21-464-_-y05-55538-2-I-2,23:40:00,34,Sunday,112,tfl_21-464-_-y05-55538.xml
VJ_21-464-_-y05-55538-8-Su,PK0003436:4,ABLO:PK0003436:4:464,JP_21-464-_-y05-55538-2-I-2,00:40:00,36,Sunday,113,tfl_21-464-_-y05-55538.xml
VJ_21-464-_-y05-55538-9-Su,PK0003436:4,ABLO:PK0003436:4:464,JP_21-464-_-y05-55538-4-I-2,10:40:00,8,Sunday,99,tfl_21-464-_-y05-55538.xml
VJ_21-464-_-y05-55538-10-Su,PK0003436:4,ABLO:PK0003436:4:464,JP_21-464-_-y05-55538-4-I-2,11:40:00,10,Sunday,100,tfl_21-464-_-y05-55538.xml
VJ_21-464-_-y05-55538-11-Su,PK0003436:4,ABLO:PK0003436:4:464,JP_21-464-_-y05-55538-4-I-2,12:40:00,12,Sunday,101,tfl_21-464-_-y05-55538.xml
VJ_21-464-_-y05-55538-12-Su,PK0003436:4,ABLO:PK0003436:4:464,JP_21-464-_-y05-55538-4-I-2,13:40:00,14,Sunday,102,tfl_21-464-_-y05-55538.xml
VJ_21-464-_-y05-55538-13-Su,PK0003436:4,ABLO:PK0003436:4:464,JP_21-464-_-y05-55538-4-I-2,14:40:00,16,Sunday,103,tfl_21-464-_-y05-55538.xml
VJ_21-464-_-y05-55538-14-Su,PK0003436:4,ABLO:PK0003436:4:464,JP_21-464-_-y05-55538-4-I-2,15:40:00,18,Sunday,104,tfl_21-464-_-y05-55538.xml
VJ_21-464-_-y05-55538-15-Su,PK0003436:4,ABLO:PK0003436:4:464,JP_21-464-_-y05-55538-4-I-2,16:40:00,20,Sunday,105,tfl_21-464-_-y05-55538.xml
VJ_21-464-_-y05-55538-16-Su,PK0003436:4,ABLO:PK0003436:4:464,JP_21-464-_-y05-55538-4-I-2,17:40:00,22,Sunday,106,tfl_21-464-_-y05-55538.xml
VJ_21-464-_-y05-55538-17-Su,PK0003436:4,ABLO:PK0003436:4:464,JP_21-464-_-y05-55538-4-I-2,18:40:00,24,Sunday,107,tfl_21-464-_-y05-55538.xml
VJ_21-464-_-y05-55538-18-Su,PK0003436:4,ABLO:PK0003436:4:464,JP_21-464-_-y05-55538-4-I-2,19:40:00,26,Sunday,108,tfl_21-464-_-y05-55538.xml
VJ_21-464-_-y05-55538-19-Su,PK0003436:4,ABLO:PK0003436:4:464,JP_21-464-_-y05-55538-1-O-3,07:40:00,1,Sunday,40,tfl_21-464-_-y05-55538.xml
VJ_21-464-_-y05-55538-20-Su,PK0003436:4,ABLO:PK0003436:4:464,JP_21-464-_-y05-55538-1-O-3,08:40:00,3,Sunday,41,tfl_21-464-_-y05-55538.xml
VJ_21-464-_-y05-55538-21-Su,PK0003436:4,ABLO:PK0003436:4:464,JP_21-464-_-y05-55538-1-O-3,09:40:00,5,Sunday,42,tfl_21-464-_-y05-55538.xml
VJ_21-464-_-y05-55538-22-Su,PK0003436:4,ABLO:PK0003436:4:464,JP_21-464-_-y05-55538-3-O-3,21:40:00,29,Sunday,54,tfl_21-464-_-y05-55538.xml
VJ_21-464-_-y05-55538-23-Su,PK0003436:4,ABLO:PK0003436:4:464,JP_21-464-_-y05-55538-3-O-3,22:40:00,31,Sunday,55,tfl_21-464-_-y05-55538.xml
VJ_21-464-_-y05-55538-24-Su,PK0003436:4,ABLO:PK0003436:4:464,JP_21-464-_-y05-55538-3-O-3,23:40:00,33,Sunday,56,tfl_21-464-_-y05-55538.xml
VJ_21-464-_-y05-55538-25-Su,PK0003436:4,ABLO:PK0003436:4:464,JP_21-464-_-y05-55538-6-O-3,10:40:00,7,Sunday,43,tfl_21-464-_-y05-55538.xml
VJ_21-464-_-y05-55538-26-Su,PK0003436:4,ABLO:PK0003436:4:464,JP_21-464-_-y05-55538-6-O-3,11:40:00,9,Sunday,44,tfl_21-464-_-y05-55538.xml
VJ_21-464-_-y05-55538-27-Su,PK0003436:4,ABLO:PK0003436:4:464,JP_21-464-_-y05-55538-6-O-3,12:40:00,11,Sunday,45,tfl_21-464-_-y05-55538.xml
VJ_21-464-_-y05-55538-28-Su,PK0003436:4,ABLO:PK0003436:4:464,JP_21-464-_-y05-55538-6-O-3,13:40:00,13,Sunday,46,tfl_21-464-_-y05-55538.xml
VJ_21-464-_-y05-55538-29-Su,PK0003436:4,ABLO:PK0003436:4:464,JP_21-464-_-y05-55538-6-O-3,14:40:00,15,Sunday,47,tfl_21-464-_-y05-55538.xml
VJ_21-464-_-y05-55538-30-Su,PK0003436:4,ABLO:PK0003436:4:464,JP_21-464-_-y05-55538-6-O-3,15:40:00,17,Sunday,48,tfl_21-464-_-y05-55538.xml
VJ_21-464-_-y05-55538-31-Su,PK0003436:4,ABLO:PK0003436:4:464,JP_21-464-_-y05-55538-6-O-3,16:40:00,19,Sunday,49,tfl_21-464-_-y05-55538.xml
VJ_21-464-_-y05-55538-32-Su,PK0003436:4,ABLO:PK0003436:4:464,JP_21-464-_-y05-55538-6-O-3,17:40:00,21,Sunday,50,tfl_21-464-_-y05-55538.xml
VJ_21-464-_-y05-55538-33-Su,PK0003436:4,ABLO:PK0003436:4:464,JP_21-464-_-y05-55538-6-O-3,18:40:00,23,Sunday,51,tfl_21-464-_-y05-55538.xml
VJ_21-464-_-y05-55538-34-Su,PK0003436:4,ABLO:PK0003436:4:464,JP_21-464-_-y05-55538-6-O-3,19:40:00,25,Sunday,52,tfl_21-464-_-y05-55538.xml
VJ_21-464-_-y05-55538-35-Su,PK0003436:4,ABLO:PK0003436:4:464,JP_21-464-_-y05-55538-6-O-3,20:40:00,27,Sunday,53,tfl_21-464-_-y05-55538.xml
VJ_21-464-_-y05-55539-1-MFSc,PK0003436:4,ABLO:PK0003436:4:464,JP_21-464-_-y05-55539-1-I-1,07:35:00,4,"Monday,Tuesday,Wednesday,Thursday,Friday",96,tfl_21-464-_-y05-55539.xml
VJ_21-464-_-y05-55539-2-MFSc,PK0003436:4,ABLO:PK0003436:4:464,JP_21-464-_-y05-55539-2-I-2,20:40:00,32,"Monday,Tuesday,Wednesday,Thursday,Friday",110,tfl_21-464-_-y05-55539.xml
VJ_21-464-_-y05-55539-3-MFSc,PK0003436:4,ABLO:PK0003436:4:464,JP_21-464-_-y05-55539-2-I-2,21:40:00,34,"Monday,Tuesday,Wednesday,Thursday,Friday",111,tfl_21-464-_-y05-55539.xml
VJ_21-464-_-y05-55539-4-MFSc,PK0003436:4,ABLO:PK0003436:4:464,JP_21-464-_-y05-55539-2-I-2,22:40:00,36,"Monday,Tuesday,Wednesday,Thursday,Friday",112,tfl_21-464-_-y05-55539.xml
VJ_21-464-_-y05-55539-5-MFSc,PK0003436:4,ABLO:PK0003436:4:464,JP_21-464-_-y05-55539-2-I-2,23:40:00,38,"Monday,Tuesday,Wednesday,Thursday,Friday",113,tfl_21-464-_-y05-55539.xml
VJ_21-464-_-y05-55539-6-MFSc,PK0003436:4,ABLO:PK0003436:4:464,JP_21-464-_-y05-55539-2-I-2,00:40:00,40,"Monday,Tuesday,Wednesday,Thursday,Friday",114,tfl_21-464-_-y05-55539.xml
VJ_21-464-_-y05-55539-7-MFSc,PK0003436:4,ABLO:PK0003436:4:464,JP_21-464-_-y05-55539-3-I-2,06:40:00,2,"Monday,Tuesday,Wednesday,Thursday,Friday",95,tfl_21-464-_-y05-55539.xml
VJ_21-464-_-y05-55539-8-MFSc,PK0003436:4,ABLO:PK0003436:4:464,JP_21-464-_-y05-55539-4-I-2,10:40:00,12,"Monday,Tuesday,Wednesday,Thursday,Friday",100,tfl_21-464-_-y05-55539.xml
VJ_21-464-_-y05-55539-9-MFSc,PK0003436:4,ABLO:PK0003436:4:464,JP_21-464-_-y05-55539-4-I-2,11:40:00,14,"Monday,Tuesday,Wednesday,Thursday,Friday",101,tfl_21-464-_-y05-55539.xml
VJ_21-464-_-y05-55539-10-MFSc,PK0003436:4,ABLO:PK0003436:4:464,JP_21-464-_-y05-55539-4-I-2,12:40:00,16,"Monday,Tuesday,Wednesday,Thursday,Friday",102,tfl_21-464-_-y05-55539.xml
VJ_21-464-_-y05-55539-11-MFSc,PK0003436:4,ABLO:PK0003436:4:464,JP_21-464-_-y05-55539-4-I-2,13:40:00,18,"Monday,Tuesday,Wednesday,Thursday,Friday",103,tfl_21-464-_-y05-55539.xml
VJ_21-464-_-y05-55539-12-MFSc,PK0003436:4,ABLO:PK0003436:4:464,JP_21-464-_-y05-55539-4-I-2,19:40:00,30,"Monday,Tuesday,Wednesday,Thursday,Friday",109,tfl_21-464-_-y05-55539.xml
VJ_21-464-_-y05-55539-13-MFSc,PK0003436:4,ABLO:PK0003436:4:464,JP_21-464-_-y05-55539-6-I-2,18:40:00,28,"Monday,Tuesday,Wednesday,Thursday,Friday",108,tfl_21-464-_-y05-55539.xml
VJ_21-464-_-y05-55539-14-MFSc,PK0003436:4,ABLO:PK0003436:4:464,JP_21-464-_-y05-55539-7-I-2,14:40:00,20,"Monday,Tuesday,Wednesday,Thursday,Friday",104,tfl_21-464-_-y05-55539.xml
VJ_21-464-_-y05-55539-15-MFSc,PK0003436:4,ABLO:PK0003436:4:464,JP_21-464-_-y05-55539-7-I-2,15:40:00,22,"Monday,Tuesday,Wednesday,Thursday,Friday",105,tfl_21-464-_-y05-55539.xml
VJ_21-464-_-y05-55539-16-MFSc,PK0003436:4,ABLO:PK0003436:4:464,JP_21-464-_-y05-55539-7-I-2,16:40:00,24,"Monday,Tuesday,Wednesday,Thursday,Friday",106,tfl_21-464-_-y05-55539.xml
VJ_21-464-_-y05-55539-17-MFSc,PK0003436:4,ABLO:PK0003436:4:464,JP_21-464-_-y05-55539-7-I-2,17:40:00,26,"Monday,Tuesday,Wednesday,Thursday,Friday",107,tfl_21-464-_-y05-55539.xml
VJ_21-464-_-y05-55539-18-MFSc,PK0003436:4,ABLO:PK0003436:4:464,JP_21-464-_-y05-55539-8-I-2,09:40:00,10,"Monday,Tuesday,Wednesday,Thursday,Friday",99,tfl_21-464-_-y05-55539.xml
VJ_21-464-_-y05-55539-19-MFSc,PK0003436:4,ABLO:PK0003436:4:464,JP_21-464-_-y05-55539-9-I-2,07:40:00,6,"Monday,Tuesday,Wednesday,Thursday,Friday",97,tfl_21-464-_-y05-55539.xml
VJ_21-464-_-y05-55539-20-MFSc,PK0003436:4,ABLO:PK0003436:4:464,JP_21-464-_-y05-55539-9-I-2,08:40:00,8,"Monday,Tuesday,Wednesday,Thursday,Friday",98,tfl_21-464-_-y05-55539.xml
VJ_21-464-_-y05-55539-21-MFSc,PK0003436:4,ABLO:PK0003436:4:464,JP_21-464-_-y05-55539-1-O-3,21:40:00,33,"Monday,Tuesday,Wednesday,Thursday,Friday",36,tfl_21-464-_-y05-55539.xml
VJ_21-464-_-y05-55539-22-MFSc,PK0003436:4,ABLO:PK0003436:4:464,JP_21-464-_-y05-55539-1-O-3,22:40:00,35,"Monday,Tuesday,Wednesday,Thursday,Friday",37,tfl_21-464-_-y05-55539.xml
VJ_21-464-_-y05-55539-23-MFSc,PK0003436:4,ABLO:PK0003436:4:464,JP_21-464-_-y05-55539-1-O-3,23:40:00,37,"Monday,Tuesday,Wednesday,Thursday,Friday",38,tfl_21-464-_-y05-55539.xml
VJ_21-464-_-y05-55539-24-MFSc,PK0003436:4,ABLO:PK0003436:4:464,JP_21-464-_-y05-55539-3-O-3,20:40:00,31,"Monday,Tuesday,Wednesday,Thursday,Friday",35,tfl_21-464-_-y05-55539.xml
VJ_21-464-_-y05-55539-25-MFSc,PK0003436:4,ABLO:PK0003436:4:464,JP_21-464-_-y05-55539-4-O-3,05:40:00,1,"Monday,Tuesday,Wednesday,Thursday,Friday",20,tfl_21-464-_-y05-55539.xml
VJ_21-464-_-y05-55539-26-MFSc,PK0003436:4,ABLO:PK0003436:4:464,JP_21-464-_-y05-55539-4-O-3,06:40:00,3,"Monday,Tuesday,Wednesday,Thursday,Friday",21,tfl_21-464-_-y05-55539.xml
VJ_21-464-_-y05-55539-27-MFSc,PK0003436:4,ABLO:PK0003436:4:464,JP_21-464-_-y05-55539-7-O-3,09:40:00,9,"Monday,Tuesday,Wednesday,Thursday,Friday",24,tfl_21-464-_-y05-55539.xml
VJ_21-464-_-y05-55539-28-MFSc,PK0003436:4,ABLO:PK0003436:4:464,JP_21-464-_-y05-55539-7-O-3,10:40:00,11,"Monday,Tuesday,Wednesday,Thursday,Friday",25,tfl_21-464-_-y05-55539.xml
VJ_21-464-_-y05-55539-29-MFSc,PK0003436:4,ABLO:PK0003436:4:464,JP_21-464-_-y05-55539-7-O-3,11:40:00,13,"Monday,Tuesday,Wednesday,Thursday,Friday",26,tfl_21-464-_-y05-55539.xml
VJ_21-464-_-y05-55539-30-MFSc,PK0003436:4,ABLO:PK0003436:4:464,JP_21-464-_-y05-55539-7-O-3,12:40:00,15,"Monday,Tuesday,Wednesday,Thursday,Friday",27,tfl_21-464-_-y05-55539.xml
VJ_21-464-_-y05-55539-31-MFSc,PK0003436:4,ABLO:PK0003436:4:464,JP_21-464-_-y05-55539-7-O-3,13:40:00,17,"Monday,Tuesday,Wednesday,Thursday,Friday",28,tfl_21-464-_-y05-55539.xml
VJ_21-464-_-y05-55539-32-MFSc,PK0003436:4,ABLO:PK0003436:4:464,JP_21-464-_-y05-55539-7-O-3,19:40:00,29,"Monday,Tuesday,Wednesday,Thursday,Friday",34,tfl_21-464-_-y05-55539.xml
VJ_21-464-_-y05-55539-33-MFSc,PK0003436:4,ABLO:PK0003436:4:464,JP_21-464-_-y05-55539-8-O-3,07:40:00,5,"Monday,Tuesday,Wednesday,Thursday,Friday",22,tfl_21-464-_-y05-55539.xml
VJ_21-464-_-y05-55539-34-MFSc,PK0003436:4,ABLO:PK0003436:4:464,JP_21-464-_-y05-55539-8-O-3,08:40:00,7,"Monday,Tuesday,Wednesday,Thursday,Friday",23,tfl_21-464-_-y05-55539.xml
VJ_21-464-_-y05-55539-35-MFSc,PK0003436:4,ABLO:PK0003436:4:464,JP_21-464-_-y05-55539-9-O-3,14:40:00,19,"Monday,Tuesday,Wednesday,Thursday,Friday",29,tfl_21-464-_-y05-55539.xml
VJ_21-464-_-y05-55539-36-MFSc,PK0003436:4,ABLO:PK0003436:4:464,JP_21-464-_-y05-55539-10-O-3,15:40:00,21,"Monday,Tuesday,Wednesday,Thursday,Friday",30,tfl_21-464-_-y05-55539.xml
VJ_21-464-_-y05-55539-37-MFSc,PK0003436:4,ABLO:PK0003436:4:464,JP_21-464-_-y05-55539-10-O-3,16:40:00,23,"Monday,Tuesday,Wednesday,Thursday,Friday",31,tfl_21-464-_-y05-55539.xml
VJ_21-464-_-y05-55539-38-MFSc,PK0003436:4,ABLO:PK0003436:4:464,JP_21-464-_-y05-55539-10-O-3,17:40:00,25,"Monday,Tuesday,Wednesday,Thursday,Friday",32,tfl_21-464-_-y05-55539.xml
VJ_21-464-_-y05-55539-39-MFSc,PK0003436:4,ABLO:PK0003436:4:464,JP_21-464-_-y05-55539-10-O-3,18:40:00,27,"Monday,Tuesday,Wednesday,Thursday,Friday",33,tfl_21-464-_-y05-55539.xml
VJ_21-464-_-y05-55539-1-Sa,PK0003436:4,ABLO:PK0003436:4:464,JP_21-464-_-y05-55539-2-I-2,06:40:00,2,Saturday,115,tfl_21-464-_-y05-55539.xml
VJ_21-464-_-y05-55539-2-Sa,PK0003436:4,ABLO:PK0003436:4:464,JP_21-464-_-y05-55539-2-I-2,07:40:00,4,Saturday,116,tfl_21-464-_-y05-55539.xml
VJ_21-464-_-y05-55539-3-Sa,PK0003436:4,ABLO:PK0003436:4:464,JP_21-464-_-y05-55539-2-I-2,21:40:00,32,Saturday,130,tfl_21-464-_-y05-55539.xml
VJ_21-464-_-y05-55539-4-Sa,PK0003436:4,ABLO:PK0003436:4:464,JP_21-464-_-y05-55539-2-I-2,22:40:00,34,Saturday,131,tfl_21-464-_-y05-55539.xml
VJ_21-464-_-y05-55539-5-Sa,PK0003436:4,ABLO:PK0003436:4:464,JP_21-464-_-y05-55539-2-I-2,23:40:00,36,Saturday,132,tfl_21-464-_-y05-55539.xml
VJ_21-464-_-y05-55539-6-Sa,PK0003436:4,ABLO:PK0003436:4:464,JP_21-464-_-y05-55539-2-I-2,00:40:00,38,Saturday,133,tfl_21-464-_-y05-55539.xml
VJ_21-464-_-y05-55539-7-Sa,PK0003436:4,ABLO:PK0003436:4:464,JP_21-464-_-y05-55539-3-I-2,20:40:00,30,Saturday,129,tfl_21-464-_-y05-55539.xml
VJ_21-464-_-y05-55539-8-Sa,PK0003436:4,ABLO:PK0003436:4:464,JP_21-464-_-y05-55539-4-I-2,08:40:00,6,Saturday,117,tfl_21-464-_-y05-55539.xml
VJ_21-464-_-y05-55539-9-Sa,PK0003436:4,ABLO:PK0003436:4:464,JP_21-464-_-y05-55539-4-I-2,09:40:00,8,Saturday,118,tfl_21-464-_-y05-55539.xml
VJ_21-464-_-y05-55539-10-Sa,PK0003436:4,ABLO:PK0003436:4:464,JP_21-464-_-y05-55539-4-I-2,10:40:00,10,Saturday,119,tfl_21-464-_-y05-55539.xml
VJ_21-464-_-y05-55539-11-Sa,PK0003436:4,ABLO:PK0003436:4:464,JP_21-464-_-y05-55539-4-I-2,11:40:00,12,Saturday,120,tfl_21-464-_-y05-55539.xml
VJ_21-464-_-y05-55539-12-Sa,PK0003436:4,ABLO:PK0003436:4:464,JP_21-464-_-y05-55539-4-I-2,12:40:00,14,Saturday,121,tfl_21-464-_-y05-55539.xml
VJ_21-464-_-y05-55539-13-Sa,PK0003436:4,ABLO:PK0003436:4:464,JP_21-464-_-y05-55539-4-I-2,13:40:00,16,Saturday,122,tfl_21-464-_-y05-55539.xml
VJ_21-464-_-y05-55539-14-Sa,PK0003436:4,ABLO:PK0003436:4:464,JP_21-464-_-y05-55539-4-I-2,14:40:00,18,Saturday,123,tfl_21-464-_-y05-55539.xml
VJ_21-464-_-y05-55539-15-Sa,PK0003436:4,ABLO:PK0003436:4:464,JP_21-464-_-y05-55539-4-I-2,15:40:00,20,Saturday,124,tfl_21-464-_-y05-55539.xml
VJ_21-464-_-y05-55539-16-Sa,PK0003436:4,ABLO:PK0003436:4:464,JP_21-464-_-y05-55539-4-I-2,16:40:00,22,Saturday,125,tfl_21-464-_-y05-55539.xml
VJ_21-464-_-y05-55539-17-Sa,PK0003436:4,ABLO:PK0003436:4:464,JP_21-464-_-y05-55539-4-I-2,17:40:00,24,Saturday,126,tfl_21-464-_-y05-55539.xml
VJ_21-464-_-y05-55539-18-Sa,PK0003436:4,ABLO:PK0003436:4:464,JP_21-464-_-y05-55539-4-I-2,18:40:00,26,Saturday,127,tfl_21-464-_-y05-55539.xml
VJ_21-464-_-y05-55539-19-Sa,PK0003436:4,ABLO:PK0003436:4:464,JP_21-464-_-y05-55539-4-I-2,19:40:00,28,Saturday,128,tfl_21-464-_-y05-55539.xml
VJ_21-464-_-y05-55539-20-Sa,PK0003436:4,ABLO:PK0003436:4:464,JP_21-464-_-y05-55539-1-O-3,00:40:00,39,Saturday,58,tfl_21-464-_-y05-55539.xml
VJ_21-464-_-y05-55539-21-Sa,PK0003436:4,ABLO:PK0003436:4:464,JP_21-464-_-y05-55539-2-O-3,05:40:00,1,Saturday,39,tfl_21-464-_-y05-55539.xml
VJ_21-464-_-y05-55539-22-Sa,PK0003436:4,ABLO:PK0003436:4:464,JP_21-464-_-y05-55539-2-O-3,06:40:00,3,Saturday,40,tfl_21-464-_-y05-55539.xml
VJ_21-464-_-y05-55539-23-Sa,PK0003436:4,ABLO:PK0003436:4:464,JP_21-464-_-y05-55539-2-O-3,07:40:00,5,Saturday,41,tfl_21-464-_-y05-55539.xml
VJ_21-464-_-y05-55539-24-Sa,PK0003436:4,ABLO:PK0003436:4:464,JP_21-464-_-y05-55539-3-O-3,21:40:00,33,Saturday,55,tfl_21-464-_-y05-55539.xml
VJ_21-464-_-y05-55539-25-Sa,PK0003436:4,ABLO:PK0003436:4:464,JP_21-464-_-y05-55539-3-O-3,22:40:00,35,Saturday,56,tfl_21-464-_-y05-55539.xml
VJ_21-464-_-y05-55539-26-Sa,PK0003436:4,ABLO:PK0003436:4:464,JP_21-464-_-y05-55539-3-O-3,23:40:00,37,Saturday,57,tfl_21-464-_-y05-55539.xml
VJ_21-464-_-y05-55539-27-Sa,PK0003436:4,ABLO:PK0003436:4:464,JP_21-464-_-y05-55539-5-O-3,08:40:00,7,Saturday,42,tfl_21-464-_-y05-55539.xml
VJ_21-464-_-y05-55539-28-Sa,PK0003436:4,ABLO:PK0003436:4:464,JP_21-464-_-y05-55539-6-O-3,09:40:00,9,Saturday,43,tfl_21-464-_-y05-55539.xml
VJ_21-464-_-y05-55539-29-Sa,PK0003436:4,ABLO:PK0003436:4:464,JP_21-464-_-y05-55539-6-O-3,10:40:00,11,Saturday,44,tfl_21-464-_-y05-55539.xml
VJ_21-464-_-y05-55539-30-Sa,PK0003436:4,ABLO:PK0003436:4:464,JP_21-464-_-y05-55539-6-O-3,11:40:00,13,Saturday,45,tfl_21-464-_-y05-55539.xml
VJ_21-464-_-y05-55539-31-Sa,PK0003436:4,ABLO:PK0003436:4:464,JP_21-464-_-y05-55539-6-O-3,12:40:00,15,Saturday,46,tfl_21-464-_-y05-55539.xml
VJ_21-464-_-y05-55539-32-Sa,PK0003436:4,ABLO:PK0003436:4:464,JP_21-464-_-y05-55539-6-O-3,13:40:00,17,Saturday,47,tfl_21-464-_-y05-55539.xml
VJ_21-464-_-y05-55539-33-Sa,PK0003436:4,ABLO:PK0003436:4:464,JP_21-464-_-y05-55539-6-O-3,14:40:00,19,Saturday,48,tfl_21-464-_-y05-55539.xml
VJ_21-464-_-y05-55539-34-Sa,PK0003436:4,ABLO:PK0003436:4:464,JP_21-464-_-y05-55539-6-O-3,15:40:00,21,Saturday,49,tfl_21-464-_-y05-55539.xml
VJ_21-464-_-y05-55539-35-Sa,PK0003436:4,ABLO:PK0003436:4:464,JP_21-464-_-y05-55539-6-O-3,16:40:00,23,Saturday,50,tfl_21-464-_-y05-55539.xml
VJ_21-464-_-y05-55539-36-Sa,PK0003436:4,ABLO:PK0003436:4:464,JP_21-464-_-y05-55539-6-O-3,17:40:00,25,Saturday,51,tfl_21-464-_-y05-55539.xml
VJ_21-464-_-y05-55539-37-Sa,PK0003436:4,ABLO:PK0003436:4:464,JP_21-464-_-y05-55539-6-O-3,18:40:00,27,Saturday,52,tfl_21-464-_-y05-55539.xml
VJ_21-464-_-y05-55539-38-Sa,PK0003436:4,ABLO:PK0003436:4:464,JP_21-464-_-y05-55539-6-O-3,19:40:00,29,Saturday,53,tfl_21-464-_-y05-55539.xml
VJ_21-464-_-y05-55539-39-Sa,PK0003436:4,ABLO:PK0003436:4:464,JP_21-464-_-y05-55539-6-O-3,20:40:00,31,Saturday,54,tfl_21-464-_-y05-55539.xml
VJ_21-464-_-y05-55539-3-Su,PK0003436:4,ABLO:PK0003436:4:464,JP_21-464-_-y05-55539-2-I-2,07:40:00,2,Sunday,134,tfl_21-464-_-y05-55539.xml
VJ_21-464-_-y05-55539-5-Su,PK0003436:4,ABLO:PK0003436:4:464,JP_21-464-_-y05-55539-2-I-2,08:40:00,4,Sunday,135,tfl_21-464-_-y05-55539.xml
VJ_21-464-_-y05-55539-6-Su,PK0003436:4,ABLO:PK0003436:4:464,JP_21-464-_-y05-55539-2-I-2,09:40:00,6,Sunday,136,tfl_21-464-_-y05-55539.xml
VJ_21-464-_-y05-55539-7-Su,PK0003436:4,ABLO:PK0003436:4:464,JP_21-464-_-y05-55539-2-I-2,20:40:00,28,Sunday,147,tfl_21-464-_-y05-55539.xml
VJ_21-464-_-y05-55539-10-Su,PK0003436:4,ABLO:PK0003436:4:464,JP_21-464-_-y05-55539-2-I-2,21:40:00,30,Sunday,148,tfl_21-464-_-y05-55539.xml
VJ_21-464-_-y05-55539-13-Su,PK0003436:4,ABLO:PK0003436:4:464,JP_21-464-_-y05-55539-2-I-2,22:40:00,32,Sunday,149,tfl_21-464-_-y05-55539.xml
VJ_21-464-_-y05-55539-16-Su,PK0003436:4,ABLO:PK0003436:4:464,JP_21-464-_-y05-55539-2-I-2,23:40:00,34,Sunday,150,tfl_21-464-_-y05-55539.xml
VJ_21-464-_-y05-55539-20-Su,PK0003436:4,ABLO:PK0003436:4:464,JP_21-464-_-y05-55539-2-I-2,00:40:00,36,Sunday,151,tfl_21-464-_-y05-55539.xml
VJ_21-464-_-y05-55539-31-Su,PK0003436:4,ABLO:PK0003436:4:464,JP_21-464-_-y05-55539-4-I-2,10:40:00,8,Sunday,137,tfl_21-464-_-y05-55539.xml
VJ_21-464-_-y05-55539-32-Su,PK0003436:4,ABLO:PK0003436:4:464,JP_21-464-_-y05-55539-4-I-2,11:40:00,10,Sunday,138,tfl_21-464-_-y05-55539.xml
VJ_21-464-_-y05-55539-35-Su,PK0003436:4,ABLO:PK0003436:4:464,JP_21-464-_-y05-55539-4-I-2,12:40:00,12,Sunday,139,tfl_21-464-_-y05-55539.xml
VJ_21-464-_-y05-55539-38-Su,PK0003436:4,ABLO:PK0003436:4:464,JP_21-464-_-y05-55539-4-I-2,13:40:00,14,Sunday,140,tfl_21-464-_-y05-55539.xml
VJ_21-464-_-y05-55539-41-Su,PK0003436:4,ABLO:PK0003436:4:464,JP_21-464-_-y05-55539-4-I-2,14:40:00,16,Sunday,141,tfl_21-464-_-y05-55539.xml
VJ_21-464-_-y05-55539-43-Su,PK0003436:4,ABLO:PK0003436:4:464,JP_21-464-_-y05-55539-4-I-2,15:40:00,18,Sunday,142,tfl_21-464-_-y05-55539.xml
VJ_21-464-_-y05-55539-45-Su,PK0003436:4,ABLO:PK0003436:4:464,JP_21-464-_-y05-55539-4-I-2,16:40:00,20,Sunday,143,tfl_21-464-_-y05-55539.xml
VJ_21-464-_-y05-55539-47-Su,PK0003436:4,ABLO:PK0003436:4:464,JP_21-464-_-y05-55539-4-I-2,17:40:00,22,Sunday,144,tfl_21-464-_-y05-55539.xml
VJ_21-464-_-y05-55539-49-Su,PK0003436:4,ABLO:PK0003436:4:464,JP_21-464-_-y05-55539-4-I-2,18:40:00,24,Sunday,145,tfl_21-464-_-y05-55539.xml
VJ_21-464-_-y05-55539-51-Su,PK0003436:4,ABLO:PK0003436:4:464,JP_21-464-_-y05-55539-4-I-2,19:40:00,26,Sunday,146,tfl_21-464-_-y05-55539.xml
VJ_21-464-_-y05-55539-70-Su,PK0003436:4,ABLO:PK0003436:4:464,JP_21-464-_-y05-55539-1-O-3,07:40:00,1,Sunday,59,tfl_21-464-_-y05-55539.xml
VJ_21-464-_-y05-55539-71-Su,PK0003436:4,ABLO:PK0003436:4:464,JP_21-464-_-y05-55539-1-O-3,08:40:00,3,Sunday,60,tfl_21-464-_-y05-55539.xml
VJ_21-464-_-y05-55539-72-Su,PK0003436:4,ABLO:PK0003436:4:464,JP_21-464-_-y05-55539-1-O-3,09:40:00,5,Sunday,61,tfl_21-464-_-y05-55539.xml
VJ_21-464-_-y05-55539-84-Su,PK0003436:4,ABLO:PK0003436:4:464,JP_21-464-_-y05-55539-3-O-3,21:40:00,29,Sunday,73,tfl_21-464-_-y05-55539.xml
VJ_21-464-_-y05-55539-86-Su,PK0003436:4,ABLO:PK0003436:4:464,JP_21-464-_-y05-55539-3-O-3,22:40:00,31,Sunday,74,tfl_21-464-_-y05-55539.xml
VJ_21-464-_-y05-55539-88-Su,PK0003436:4,ABLO:PK0003436:4:464,JP_21-464-_-y05-55539-3-O-3,23:40:00,33,Sunday,75,tfl_21-464-_-y05-55539.xml
VJ_21-464-_-y05-55539-97-Su,PK0003436:4,ABLO:PK0003436:4:464,JP_21-464-_-y05-55539-6-O-3,10:40:00,7,Sunday,62,tfl_21-464-_-y05-55539.xml
VJ_21-464-_-y05-55539-99-Su,PK0003436:4,ABLO:PK0003436:4:464,JP_21-464-_-y05-55539-6-O-3,11:40:00,9,Sunday,63,tfl_21-464-_-y05-55539.xml
VJ_21-464-_-y05-55539-100-Su,PK0003436:4,ABLO:PK0003436:4:464,JP_21-464-_-y05-55539-6-O-3,12:40:00,11,Sunday,64,tfl_21-464-_-y05-55539.xml
VJ_21-464-_-y05-55539-102-Su,PK0003436:4,ABLO:PK0003436:4:464,JP_21-464-_-y05-55539-6-O-3,13:40:00,13,Sunday,65,tfl_21-464-_-y05-55539.xml
VJ_21-464-_-y05-55539-104-Su,PK0003436:4,ABLO:PK0003436:4:464,JP_21-464-_-y05-55539-6-O-3,14:40:00,15,Sunday,66,tfl_21-464-_-y05-55539.xml
VJ_21-464-_-y05-55539-106-Su,PK0003436:4,ABLO:PK0003436:4:464,JP_21-464-_-y05-55539-6-O-3,15:40:00,17,Sunday,67,tfl_21-464-_-y05-55539.xml
VJ_21-464-_-y05-55539-108-Su,PK0003436:4,ABLO:PK0003436:4:464,JP_21-464-_-y05-55539-6-O-3,16:40:00,19,Sunday,68,tfl_21-464-_-y05-55539.xml
VJ_21-464-_-y05-55539-110-Su,PK0003436:4,ABLO:PK0003436:4:464,JP_21-464-_-y05-55539-6-O-3,17:40:00,21,Sunday,69,tfl_21-464-_-y05-55539.xml
VJ_21-464-_-y05-55539-112-Su,PK0003436:4,ABLO:PK0003436:4:464,JP_21-464-_-y05-55539-6-O-3,18:40:00,23,Sunday,70,tfl_21-464-_-y05-55539.xml
VJ_21-464-_-y05-55539-114-Su,PK0003436:4,ABLO:PK0003436:4:464,JP_21-464-_-y05-55539-6-O-3,19:40:00,25,Sunday,71,tfl_21-464-_-y05-55539.xml
VJ_21-464-_-y05-55539-116-Su,PK0003436:4,ABLO:PK0003436:4:464,JP_21-464-_-y05-55539-6-O-3,20:40:00,27,Sunday,72,tfl_21-464-_-y05-55539.xml
VJ_21-464-_-y05-55539-4-MFHo,PK0003436:4,ABLO:PK0003436:4:464,JP_21-464-_-y05-55539-2-I-2,20:40:00,30,"Monday,Tuesday,Wednesday,Thursday,Friday",90,tfl_21-464-_-y05-55539.xml
VJ_21-464-_-y05-55539-6-MFHo,PK0003436:4,ABLO:PK0003436:4:464,JP_21-464-_-y05-55539-2-I-2,21:40:00,32,"Monday,Tuesday,Wednesday,Thursday,Friday",91,tfl_21-464-_-y05-55539.xml
VJ_21-464-_-y05-55539-8-MFHo,PK0003436:4,ABLO:PK0003436:4:464,JP_21-464-_-y05-55539-2-I-2,22:40:00,34,"Monday,Tuesday,Wednesday,Thursday,Friday",92,tfl_21-464-_-y05-55539.xml
VJ_21-464-_-y05-55539-10-MFHo,PK0003436:4,ABLO:PK0003436:4:464,JP_21-464-_-y05-55539-2-I-2,23:40:00,36,"Monday,Tuesday,Wednesday,Thursday,Friday",93,tfl_21-464-_-y05-55539.xml
VJ_21-464-_-y05-55539-14-MFHo,PK0003436:4,ABLO:PK0003436:4:464,JP_21-464-_-y05-55539-2-I-2,00:40:00,38,"Monday,Tuesday,Wednesday,Thursday,Friday",94,tfl_21-464-_-y05-55539.xml
VJ_21-464-_-y05-55539-16-MFHo,PK0003436:4,ABLO:PK0003436:4:464,JP_21-464-_-y05-55539-3-I-2,06:40:00,2,"Monday,Tuesday,Wednesday,Thursday,Friday",76,tfl_21-464-_-y05-55539.xml
VJ_21-464-_-y05-55539-20-MFHo,PK0003436:4,ABLO:PK0003436:4:464,JP_21-464-_-y05-55539-4-I-2,10:40:00,10,"Monday,Tuesday,Wednesday,Thursday,Friday",80,tfl_21-464-_-y05-55539.xml
VJ_21-464-_-y05-55539-22-MFHo,PK0003436:4,ABLO:PK0003436:4:464,JP_21-464-_-y05-55539-4-I-2,11:40:00,12,"Monday,Tuesday,Wednesday,Thursday,Friday",81,tfl_21-464-_-y05-55539.xml
VJ_21-464-_-y05-55539-24-MFHo,PK0003436:4,ABLO:PK0003436:4:464,JP_21-464-_-y05-55539-4-I-2,12:40:00,14,"Monday,Tuesday,Wednesday,Thursday,Friday",82,tfl_21-464-_-y05-55539.xml
VJ_21-464-_-y05-55539-26-MFHo,PK0003436:4,ABLO:PK0003436:4:464,JP_21-464-_-y05-55539-4-I-2,13:40:00,16,"Monday,Tuesday,Wednesday,Thursday,Friday",83,tfl_21-464-_-y05-55539.xml
VJ_21-464-_-y05-55539-33-MFHo,PK0003436:4,ABLO:PK0003436:4:464,JP_21-464-_-y05-55539-4-I-2,19:40:00,28,"Monday,Tuesday,Wednesday,Thursday,Friday",89,tfl_21-464-_-y05-55539.xml
VJ_21-464-_-y05-55539-35-MFHo,PK0003436:4,ABLO:PK0003436:4:464,JP_21-464-_-y05-55539-5-I-2,07:40:00,4,"Monday,Tuesday,Wednesday,Thursday,Friday",77,tfl_21-464-_-y05-55539.xml
VJ_21-464-_-y05-55539-36-MFHo,PK0003436:4,ABLO:PK0003436:4:464,JP_21-464-_-y05-55539-5-I-2,08:40:00,6,"Monday,Tuesday,Wednesday,Thursday,Friday",78,tfl_21-464-_-y05-55539.xml
VJ_21-464-_-y05-55539-37-MFHo,PK0003436:4,ABLO:PK0003436:4:464,JP_21-464-_-y05-55539-5-I-2,09:40:00,8,"Monday,Tuesday,Wednesday,Thursday,Friday",79,tfl_21-464-_-y05-55539.xml
VJ_21-464-_-y05-55539-38-MFHo,PK0003436:4,ABLO:PK0003436:4:464,JP_21-464-_-y05-55539-5-I-2,14:40:00,18,"Monday,Tuesday,Wednesday,Thursday,Friday",84,tfl_21-464-_-y05-55539.xml
VJ_21-464-_-y05-55539-39-MFHo,PK0003436:4,ABLO:PK0003436:4:464,JP_21-464-_-y05-55539-5-I-2,15:40:00,20,"Monday,Tuesday,Wednesday,Thursday,Friday",85,tfl_21-464-_-y05-55539.xml
VJ_21-464-_-y05-55539-40-MFHo,PK0003436:4,ABLO:PK0003436:4:464,JP_21-464-_-y05-55539-5-I-2,16:40:00,22,"Monday,Tuesday,Wednesday,Thursday,Friday",86,tfl_21-464-_-y05-55539.xml
VJ_21-464-_-y05-55539-41-MFHo,PK0003436:4,ABLO:PK0003436:4:464,JP_21-464-_-y05-55539-5-I-2,17:40:00,24,"Monday,Tuesday,Wednesday,Thursday,Friday",87,tfl_21-464-_-y05-55539.xml
VJ_21-464-_-y05-55539-42-MFHo,PK0003436:4,ABLO:PK0003436:4:464,JP_21-464-_-y05-55539-5-I-2,18:40:00,26,"Monday,Tuesday,Wednesday,Thursday,Friday",88,tfl_21-464-_-y05-55539.xml
VJ_21-464-_-y05-55539-51-MFHo,PK0003436:4,ABLO:PK0003436:4:464,JP_21-464-_-y05-55539-1-O-3,21:40:00,33,"Monday,Tuesday,Wednesday,Thursday,Friday",17,tfl_21-464-_-y05-55539.xml
VJ_21-464-_-y05-55539-52-MFHo,PK0003436:4,ABLO:PK0003436:4:464,JP_21-464-_-y05-55539-1-O-3,22:40:00,35,"Monday,Tuesday,Wednesday,Thursday,Friday",18,tfl_21-464-_-y05-55539.xml
VJ_21-464-_-y05-55539-54-MFHo,PK0003436:4,ABLO:PK0003436:4:464,JP_21-464-_-y05-55539-1-O-3,23:40:00,37,"Monday,Tuesday,Wednesday,Thursday,Friday",19,tfl_21-464-_-y05-55539.xml
VJ_21-464-_-y05-55539-63-MFHo,PK0003436:4,ABLO:PK0003436:4:464,JP_21-464-_-y05-55539-4-O-3,05:40:00,1,"Monday,Tuesday,Wednesday,Thursday,Friday",1,tfl_21-464-_-y05-55539.xml
VJ_21-464-_-y05-55539-65-MFHo,PK0003436:4,ABLO:PK0003436:4:464,JP_21-464-_-y05-55539-4-O-3,06:40:00,3,"Monday,Tuesday,Wednesday,Thursday,Friday",2,tfl_21-464-_-y05-55539.xml
VJ_21-464-_-y05-55539-79-MFHo,PK0003436:4,ABLO:PK0003436:4:464,JP_21-464-_-y05-55539-7-O-3,07:40:00,5,"Monday,Tuesday,Wednesday,Thursday,Friday",3,tfl_21-464-_-y05-55539.xml
VJ_21-464-_-y05-55539-80-MFHo,PK0003436:4,ABLO:PK0003436:4:464,JP_21-464-_-y05-55539-7-O-3,08:40:00,7,"Monday,Tuesday,Wednesday,Thursday,Friday",4,tfl_21-464-_-y05-55539.xml
VJ_21-464-_-y05-55539-81-MFHo,PK0003436:4,ABLO:PK0003436:4:464,JP_21-464-_-y05-55539-7-O-3,09:40:00,9,"Monday,Tuesday,Wednesday,Thursday,Friday",5,tfl_21-464-_-y05-55539.xml
VJ_21-464-_-y05-55539-82-MFHo,PK0003436:4,ABLO:PK0003436:4:464,JP_21-464-_-y05-55539-7-O-3,10:40:00,11,"Monday,Tuesday,Wednesday,Thursday,Friday",6,tfl_21-464-_-y05-55539.xml
VJ_21-464-_-y05-55539-84-MFHo,PK0003436:4,ABLO:PK0003436:4:464,JP_21-464-_-y05-55539-7-O-3,11:40:00,13,"Monday,Tuesday,Wednesday,Thursday,Friday",7,tfl_21-464-_-y05-55539.xml
VJ_21-464-_-y05-55539-85-MFHo,PK0003436:4,ABLO:PK0003436:4:464,JP_21-464-_-y05-55539-7-O-3,12:40:00,15,"Monday,Tuesday,Wednesday,Thursday,Friday",8,tfl_21-464-_-y05-55539.xml
VJ_21-464-_-y05-55539-87-MFHo,PK0003436:4,ABLO:PK0003436:4:464,JP_21-464-_-y05-55539-7-O-3,13:40:00,17,"Monday,Tuesday,Wednesday,Thursday,Friday",9,tfl_21-464-_-y05-55539.xml
VJ_21-464-_-y05-55539-88-MFHo,PK0003436:4,ABLO:PK0003436:4:464,JP_21-464-_-y05-55539-7-O-3,19:40:00,29,"Monday,Tuesday,Wednesday,Thursday,Friday",15,tfl_21-464-_-y05-55539.xml
VJ_21-464-_-y05-55539-89-MFHo,PK0003436:4,ABLO:PK0003436:4:464,JP_21-464-_-y05-55539-7-O-3,20:40:00,31,"Monday,Tuesday,Wednesday,Thursday,Friday",16,tfl_21-464-_-y05-55539.xml
VJ_21-464-_-y05-55539-92-MFHo,PK0003436:4,ABLO:PK0003436:4:464,JP_21-464-_-y05-55539-9-O-3,14:40:00,19,"Monday,Tuesday,Wednesday,Thursday,Friday",10,tfl_21-464-_-y05-55539.xml
VJ_21-464-_-y05-55539-94-MFHo,PK0003436:4,ABLO:PK0003436:4:464,JP_21-464-_-y05-55539-9-O-3,15:40:00,21,"Monday,Tuesday,Wednesday,Thursday,Friday",11,tfl_21-464-_-y05-55539.xml
VJ_21-464-_-y05-55539-95-MFHo,PK0003436:4,ABLO:PK0003436:4:464,JP_21-464-_-y05-55539-9-O-3,16:40:00,23,"Monday,Tuesday,Wednesday,Thursday,Friday",12,tfl_21-464-_-y05-55539.xml
VJ_21-464-_-y05-55539-96-MFHo,PK0003436:4,ABLO:PK0003436:4:464,JP_21-464-_-y05-55539-9-O-3,17:40:00,25,"Monday,Tuesday,Wednesday,Thursday,Friday",13,tfl_21-464-_-y05-55539.xml
VJ_21-464-_-y05-55539-97-MFHo,PK0003436:4,ABLO:PK0003436:4:464,JP_21-464-_-y05-55539-9-O-3,18:40:00,27,"Monday,Tuesday,Wednesday,Thursday,Friday",14,tfl_21-464-_-y05-55539.xml
VJ_21-465-_-y05-7-1-Sa,PK0001815:90,ABLO:PK0001815:90:465,JP_21-465-_-y05-7-1-I-1,00:00:00,72,Saturday,163,tfl_21-465-_-y05-7_b3z8CFQ.xml
VJ_21-465-_-y05-7-2-Sa,PK0001815:90,ABLO:PK0001815:90:465,JP_21-465-_-y05-7-3-I-1,20:30:00,64,Saturday,159,tfl_21-465-_-y05-7_b3z8CFQ.xml
VJ_21-465-_-y05-7-3-Sa,PK0001815:90,ABLO:PK0001815:90:465,JP_21-465-_-y05-7-6-I-1,19:30:00,60,Saturday,157,tfl_21-465-_-y05-7_b3z8CFQ.xml
VJ_21-465-_-y05-7-4-Sa,PK0001815:90,ABLO:PK0001815:90:465,JP_21-465-_-y05-7-9-I-2,05:15:00,2,Saturday,128,tfl_21-465-_-y05-7_b3z8CFQ.xml
VJ_21-465-_-y05-7-5-Sa,PK0001815:90,ABLO:PK0001815:90:465,JP_21-465-_-y05-7-9-I-2,05:45:00,4,Saturday,129,tfl_21-465-_-y05-7_b3z8CFQ.xml
VJ_21-465-_-y05-7-6-Sa,PK0001815:90,ABLO:PK0001815:90:465,JP_21-465-_-y05-7-9-I-2,06:15:00,6,Saturday,130,tfl_21-465-_-y05-7_b3z8CFQ.xml
VJ_21-465-_-y05-7-7-Sa,PK0001815:90,ABLO:PK0001815:90:465,JP_21-465-_-y05-7-10-I-2,06:45:00,8,Saturday,131,tfl_21-465-_-y05-7_b3z8CFQ.xml
VJ_21-465-_-y05-7-8-Sa,PK0001815:90,ABLO:PK0001815:90:465,JP_21-465-_-y05-7-11-I-2,07:15:00,10,Saturday,132,tfl_21-465-_-y05-7_b3z8CFQ.xml
VJ_21-465-_-y05-7-9-Sa,PK0001815:90,ABLO:PK0001815:90:465,JP_21-465-_-y05-7-13-I-2,23:00:00,70,Saturday,162,tfl_21-465-_-y05-7_b3z8CFQ.xml
VJ_21-465-_-y05-7-10-Sa,PK0001815:90,ABLO:PK0001815:90:465,JP_21-465-_-y05-7-17-I-2,21:00:00,66,Saturday,160,tfl_21-465-_-y05-7_b3z8CFQ.xml
VJ_21-465-_-y05-7-11-Sa,PK0001815:90,ABLO:PK0001815:90:465,JP_21-465-_-y05-7-17-I-2,22:00:00,68,Saturday,161,tfl_21-465-_-y05-7_b3z8CFQ.xml
VJ_21-465-_-y05-7-12-Sa,PK0001815:90,ABLO:PK0001815:90:465,JP_21-465-_-y05-7-18-I-2,20:00:00,62,Saturday,158,tfl_21-465-_-y05-7_b3z8CFQ.xml
VJ_21-465-_-y05-7-13-Sa,PK0001815:90,ABLO:PK0001815:90:465,JP_21-465-_-y05-7-20-I-2,07:45:00,12,Saturday,133,tfl_21-465-_-y05-7_b3z8CFQ.xml
VJ_21-465-_-y05-7-14-Sa,PK0001815:90,ABLO:PK0001815:90:465,JP_21-465-_-y05-7-22-I-2,08:15:00,14,Saturday,134,tfl_21-465-_-y05-7_b3z8CFQ.xml
VJ_21-465-_-y05-7-15-Sa,PK0001815:90,ABLO:PK0001815:90:465,JP_21-465-_-y05-7-24-I-2,08:43:00,16,Saturday,135,tfl_21-465-_-y05-7_b3z8CFQ.xml
VJ_21-465-_-y05-7-16-Sa,PK0001815:90,ABLO:PK0001815:90:465,JP_21-465-_-y05-7-28-I-2,09:11:00,18,Saturday,136,tfl_21-465-_-y05-7_b3z8CFQ.xml
VJ_21-465-_-y05-7-17-Sa,PK0001815:90,ABLO:PK0001815:90:465,JP_21-465-_-y05-7-30-I-2,19:00:00,58,Saturday,156,tfl_21-465-_-y05-7_b3z8CFQ.xml
VJ_21-465-_-y05-7-18-Sa,PK0001815:90,ABLO:PK0001815:90:465,JP_21-465-_-y05-7-31-I-2,09:36:00,20,Saturday,137,tfl_21-465-_-y05-7_b3z8CFQ.xml
VJ_21-465-_-y05-7-19-Sa,PK0001815:90,ABLO:PK0001815:90:465,JP_21-465-_-y05-7-33-I-2,18:30:00,56,Saturday,155,tfl_21-465-_-y05-7_b3z8CFQ.xml
VJ_21-465-_-y05-7-20-Sa,PK0001815:90,ABLO:PK0001815:90:465,JP_21-465-_-y05-7-38-I-2,10:04:00,22,Saturday,138,tfl_21-465-_-y05-7_b3z8CFQ.xml
VJ_21-465-_-y05-7-21-Sa,PK0001815:90,ABLO:PK0001815:90:465,JP_21-465-_-y05-7-41-I-2,18:00:00,54,Saturday,154,tfl_21-465-_-y05-7_b3z8CFQ.xml
VJ_21-465-_-y05-7-22-Sa,PK0001815:90,ABLO:PK0001815:90:465,JP_21-465-_-y05-7-42-I-2,17:30:00,52,Saturday,153,tfl_21-465-_-y05-7_b3z8CFQ.xml
VJ_21-465-_-y05-7-23-Sa,PK0001815:90,ABLO:PK0001815:90:465,JP_21-465-_-y05-7-48-I-2,17:00:00,50,Saturday,152,tfl_21-465-_-y05-7_b3z8CFQ.xml
VJ_21-465-_-y05-7-24-Sa,PK0001815:90,ABLO:PK0001815:90:465,JP_21-465-_-y05-7-52-I-2,10:30:00,24,Saturday,139,tfl_21-465-_-y05-7_b3z8CFQ.xml
VJ_21-465-_-y05-7-25-Sa,PK0001815:90,ABLO:PK0001815:90:465,JP_21-465-_-y05-7-52-I-2,11:00:00,26,Saturday,140,tfl_21-465-_-y05-7_b3z8CFQ.xml
VJ_21-465-_-y05-7-26-Sa,PK0001815:90,ABLO:PK0001815:90:465,JP_21-465-_-y05-7-56-I-2,16:30:00,48,Saturday,151,tfl_21-465-_-y05-7_b3z8CFQ.xml
VJ_21-465-_-y05-7-27-Sa,PK0001815:90,ABLO:PK0001815:90:465,JP_21-465-_-y05-7-57-I-2,16:00:00,46,Saturday,150,tfl_21-465-_-y05-7_b3z8CFQ.xml
VJ_21-465-_-y05-7-28-Sa,PK0001815:90,ABLO:PK0001815:90:465,JP_21-465-_-y05-7-58-I-2,14:00:00,38,Saturday,146,tfl_21-465-_-y05-7_b3z8CFQ.xml
VJ_21-465-_-y05-7-29-Sa,PK0001815:90,ABLO:PK0001815:90:465,JP_21-465-_-y05-7-58-I-2,14:30:00,40,Saturday,147,tfl_21-465-_-y05-7_b3z8CFQ.xml
VJ_21-465-_-y05-7-30-Sa,PK0001815:90,ABLO:PK0001815:90:465,JP_21-465-_-y05-7-58-I-2,15:00:00,42,Saturday,148,tfl_21-465-_-y05-7_b3z8CFQ.xml
VJ_21-465-_-y05-7-31-Sa,PK0001815:90,ABLO:PK0001815:90:465,JP_21-465-_-y05-7-58-I-2,15:30:00,44,Saturday,149,tfl_21-465-_-y05-7_b3z8CFQ.xml
VJ_21-465-_-y05-7-32-Sa,PK0001815:90,ABLO:PK0001815:90:465,JP_21-465-_-y05-7-59-I-2,13:30:00,36,Saturday,145,tfl_21-465-_-y05-7_b3z8CFQ.xml
VJ_21-465-_-y05-7-33-Sa,PK0001815:90,ABLO:PK0001815:90:465,JP_21-465-_-y05-7-61-I-2,13:00:00,34,Saturday,144,tfl_21-465-_-y05-7_b3z8CFQ.xml
VJ_21-465-_-y05-7-34-Sa,PK0001815:90,ABLO:PK0001815:90:465,JP_21-465-_-y05-7-62-I-2,11:30:00,28,Saturday,141,tfl_21-465-_-y05-7_b3z8CFQ.xml
VJ_21-465-_-y05-7-35-Sa,PK0001815:90,ABLO:PK0001815:90:465,JP_21-465-_-y05-7-62-I-2,12:00:00,30,Saturday,142,tfl_21-465-_-y05-7_b3z8CFQ.xml
VJ_21-465-_-y05-7-36-Sa,PK0001815:90,ABLO:PK0001815:90:465,JP_21-465-_-y05-7-62-I-2,12:30:00,32,Saturday,143,tfl_21-465-_-y05-7_b3z8CFQ.xml
VJ_21-465-_-y05-7-37-Sa,PK0001815:90,ABLO:PK0001815:90:465,JP_21-465-_-y05-7-1-O-3,00:00:00,69,Saturday,70,tfl_21-465-_-y05-7_b3z8CFQ.xml
VJ_21-465-_-y05-7-38-Sa,PK0001815:90,ABLO:PK0001815:90:465,JP_21-465-_-y05-7-4-O-3,06:00:00,1,Saturday,36,tfl_21-465-_-y05-7_b3z8CFQ.xml
VJ_21-465-_-y05-7-39-Sa,PK0001815:90,ABLO:PK0001815:90:465,JP_21-465-_-y05-7-4-O-3,06:30:00,3,Saturday,37,tfl_21-465-_-y05-7_b3z8CFQ.xml
VJ_21-465-_-y05-7-40-Sa,PK0001815:90,ABLO:PK0001815:90:465,JP_21-465-_-y05-7-7-O-3,07:00:00,5,Saturday,38,tfl_21-465-_-y05-7_b3z8CFQ.xml
VJ_21-465-_-y05-7-41-Sa,PK0001815:90,ABLO:PK0001815:90:465,JP_21-465-_-y05-7-8-O-3,23:00:00,67,Saturday,69,tfl_21-465-_-y05-7_b3z8CFQ.xml
VJ_21-465-_-y05-7-42-Sa,PK0001815:90,ABLO:PK0001815:90:465,JP_21-465-_-y05-7-10-O-3,21:05:00,63,Saturday,67,tfl_21-465-_-y05-7_b3z8CFQ.xml
VJ_21-465-_-y05-7-43-Sa,PK0001815:90,ABLO:PK0001815:90:465,JP_21-465-_-y05-7-10-O-3,22:00:00,65,Saturday,68,tfl_21-465-_-y05-7_b3z8CFQ.xml
VJ_21-465-_-y05-7-44-Sa,PK0001815:90,ABLO:PK0001815:90:465,JP_21-465-_-y05-7-11-O-3,20:35:00,61,Saturday,66,tfl_21-465-_-y05-7_b3z8CFQ.xml
VJ_21-465-_-y05-7-45-Sa,PK0001815:90,ABLO:PK0001815:90:465,JP_21-465-_-y05-7-12-O-3,07:30:00,7,Saturday,39,tfl_21-465-_-y05-7_b3z8CFQ.xml
VJ_21-465-_-y05-7-46-Sa,PK0001815:90,ABLO:PK0001815:90:465,JP_21-465-_-y05-7-20-O-3,11:05:00,23,Saturday,47,tfl_21-465-_-y05-7_b3z8CFQ.xml
VJ_21-465-_-y05-7-47-Sa,PK0001815:90,ABLO:PK0001815:90:465,JP_21-465-_-y05-7-21-O-3,08:00:00,9,Saturday,40,tfl_21-465-_-y05-7_b3z8CFQ.xml
VJ_21-465-_-y05-7-48-Sa,PK0001815:90,ABLO:PK0001815:90:465,JP_21-465-_-y05-7-22-O-3,20:05:00,59,Saturday,65,tfl_21-465-_-y05-7_b3z8CFQ.xml
VJ_21-465-_-y05-7-49-Sa,PK0001815:90,ABLO:PK0001815:90:465,JP_21-465-_-y05-7-23-O-3,08:25:00,11,Saturday,41,tfl_21-465-_-y05-7_b3z8CFQ.xml
VJ_21-465-_-y05-7-50-Sa,PK0001815:90,ABLO:PK0001815:90:465,JP_21-465-_-y05-7-24-O-3,08:50:00,13,Saturday,42,tfl_21-465-_-y05-7_b3z8CFQ.xml
VJ_21-465-_-y05-7-51-Sa,PK0001815:90,ABLO:PK0001815:90:465,JP_21-465-_-y05-7-24-O-3,09:15:00,15,Saturday,43,tfl_21-465-_-y05-7_b3z8CFQ.xml
VJ_21-465-_-y05-7-52-Sa,PK0001815:90,ABLO:PK0001815:90:465,JP_21-465-_-y05-7-25-O-3,19:35:00,57,Saturday,64,tfl_21-465-_-y05-7_b3z8CFQ.xml
VJ_21-465-_-y05-7-53-Sa,PK0001815:90,ABLO:PK0001815:90:465,JP_21-465-_-y05-7-26-O-3,09:40:00,17,Saturday,44,tfl_21-465-_-y05-7_b3z8CFQ.xml
VJ_21-465-_-y05-7-54-Sa,PK0001815:90,ABLO:PK0001815:90:465,JP_21-465-_-y05-7-30-O-3,10:05:00,19,Saturday,45,tfl_21-465-_-y05-7_b3z8CFQ.xml
VJ_21-465-_-y05-7-55-Sa,PK0001815:90,ABLO:PK0001815:90:465,JP_21-465-_-y05-7-33-O-3,19:05:00,55,Saturday,63,tfl_21-465-_-y05-7_b3z8CFQ.xml
VJ_21-465-_-y05-7-56-Sa,PK0001815:90,ABLO:PK0001815:90:465,JP_21-465-_-y05-7-34-O-3,18:35:00,53,Saturday,62,tfl_21-465-_-y05-7_b3z8CFQ.xml
VJ_21-465-_-y05-7-57-Sa,PK0001815:90,ABLO:PK0001815:90:465,JP_21-465-_-y05-7-35-O-3,10:35:00,21,Saturday,46,tfl_21-465-_-y05-7_b3z8CFQ.xml
VJ_21-465-_-y05-7-58-Sa,PK0001815:90,ABLO:PK0001815:90:465,JP_21-465-_-y05-7-47-O-3,18:05:00,51,Saturday,61,tfl_21-465-_-y05-7_b3z8CFQ.xml
VJ_21-465-_-y05-7-59-Sa,PK0001815:90,ABLO:PK0001815:90:465,JP_21-465-_-y05-7-48-O-3,17:35:00,49,Saturday,60,tfl_21-465-_-y05-7_b3z8CFQ.xml
VJ_21-465-_-y05-7-60-Sa,PK0001815:90,ABLO:PK0001815:90:465,JP_21-465-_-y05-7-49-O-3,16:05:00,43,Saturday,57,tfl_21-465-_-y05-7_b3z8CFQ.xml
VJ_21-465-_-y05-7-61-Sa,PK0001815:90,ABLO:PK0001815:90:465,JP_21-465-_-y05-7-49-O-3,16:35:00,45,Saturday,58,tfl_21-465-_-y05-7_b3z8CFQ.xml
VJ_21-465-_-y05-7-62-Sa,PK0001815:90,ABLO:PK0001815:90:465,JP_21-465-_-y05-7-49-O-3,17:05:00,47,Saturday,59,tfl_21-465-_-y05-7_b3z8CFQ.xml
VJ_21-465-_-y05-7-63-Sa,PK0001815:90,ABLO:PK0001815:90:465,JP_21-465-_-y05-7-50-O-3,14:35:00,37,Saturday,54,tfl_21-465-_-y05-7_b3z8CFQ.xml
VJ_21-465-_-y05-7-64-Sa,PK0001815:90,ABLO:PK0001815:90:465,JP_21-465-_-y05-7-50-O-3,15:05:00,39,Saturday,55,tfl_21-465-_-y05-7_b3z8CFQ.xml
VJ_21-465-_-y05-7-65-Sa,PK0001815:90,ABLO:PK0001815:90:465,JP_21-465-_-y05-7-50-O-3,15:35:00,41,Saturday,56,tfl_21-465-_-y05-7_b3z8CFQ.xml
VJ_21-465-_-y05-7-66-Sa,PK0001815:90,ABLO:PK0001815:90:465,JP_21-465-_-y05-7-51-O-3,14:05:00,35,Saturday,53,tfl_21-465-_-y05-7_b3z8CFQ.xml
VJ_21-465-_-y05-7-67-Sa,PK0001815:90,ABLO:PK0001815:90:465,JP_21-465-_-y05-7-52-O-3,13:35:00,33,Saturday,52,tfl_21-465-_-y05-7_b3z8CFQ.xml
VJ_21-465-_-y05-7-68-Sa,PK0001815:90,ABLO:PK0001815:90:465,JP_21-465-_-y05-7-53-O-3,11:35:00,25,Saturday,48,tfl_21-465-_-y05-7_b3z8CFQ.xml
VJ_21-465-_-y05-7-69-Sa,PK0001815:90,ABLO:PK0001815:90:465,JP_21-465-_-y05-7-53-O-3,12:05:00,27,Saturday,49,tfl_21-465-_-y05-7_b3z8CFQ.xml
VJ_21-465-_-y05-7-70-Sa,PK0001815:90,ABLO:PK0001815:90:465,JP_21-465-_-y05-7-53-O-3,12:35:00,29,Saturday,50,tfl_21-465-_-y05-7_b3z8CFQ.xml
VJ_21-465-_-y05-7-71-Sa,PK0001815:90,ABLO:PK0001815:90:465,JP_21-465-_-y05-7-53-O-3,13:05:00,31,Saturday,51,tfl_21-465-_-y05-7_b3z8CFQ.xml
VJ_21-465-_-y05-7-1-Su,PK0001815:90,ABLO:PK0001815:90:465,JP_21-465-_-y05-7-1-I-1,00:00:00,38,Sunday,182,tfl_21-465-_-y05-7_b3z8CFQ.xml
VJ_21-465-_-y05-7-2-Su,PK0001815:90,ABLO:PK0001815:90:465,JP_21-465-_-y05-7-2-I-1,21:00:00,32,Sunday,179,tfl_21-465-_-y05-7_b3z8CFQ.xml
VJ_21-465-_-y05-7-3-Su,PK0001815:90,ABLO:PK0001815:90:465,JP_21-465-_-y05-7-9-I-2,05:45:00,2,Sunday,164,tfl_21-465-_-y05-7_b3z8CFQ.xml
VJ_21-465-_-y05-7-4-Su,PK0001815:90,ABLO:PK0001815:90:465,JP_21-465-_-y05-7-9-I-2,06:45:00,4,Sunday,165,tfl_21-465-_-y05-7_b3z8CFQ.xml
VJ_21-465-_-y05-7-5-Su,PK0001815:90,ABLO:PK0001815:90:465,JP_21-465-_-y05-7-12-I-2,23:00:00,36,Sunday,181,tfl_21-465-_-y05-7_b3z8CFQ.xml
VJ_21-465-_-y05-7-6-Su,PK0001815:90,ABLO:PK0001815:90:465,JP_21-465-_-y05-7-13-I-2,22:00:00,34,Sunday,180,tfl_21-465-_-y05-7_b3z8CFQ.xml
VJ_21-465-_-y05-7-7-Su,PK0001815:90,ABLO:PK0001815:90:465,JP_21-465-_-y05-7-14-I-2,19:55:00,30,Sunday,178,tfl_21-465-_-y05-7_b3z8CFQ.xml
VJ_21-465-_-y05-7-8-Su,PK0001815:90,ABLO:PK0001815:90:465,JP_21-465-_-y05-7-19-I-2,07:45:00,6,Sunday,166,tfl_21-465-_-y05-7_b3z8CFQ.xml
VJ_21-465-_-y05-7-9-Su,PK0001815:90,ABLO:PK0001815:90:465,JP_21-465-_-y05-7-27-I-2,08:45:00,8,Sunday,167,tfl_21-465-_-y05-7_b3z8CFQ.xml
VJ_21-465-_-y05-7-10-Su,PK0001815:90,ABLO:PK0001815:90:465,JP_21-465-_-y05-7-29-I-2,18:50:00,28,Sunday,177,tfl_21-465-_-y05-7_b3z8CFQ.xml
VJ_21-465-_-y05-7-11-Su,PK0001815:90,ABLO:PK0001815:90:465,JP_21-465-_-y05-7-34-I-2,09:45:00,10,Sunday,168,tfl_21-465-_-y05-7_b3z8CFQ.xml
VJ_21-465-_-y05-7-12-Su,PK0001815:90,ABLO:PK0001815:90:465,JP_21-465-_-y05-7-35-I-2,17:45:00,26,Sunday,176,tfl_21-465-_-y05-7_b3z8CFQ.xml
VJ_21-465-_-y05-7-13-Su,PK0001815:90,ABLO:PK0001815:90:465,JP_21-465-_-y05-7-36-I-2,14:45:00,20,Sunday,173,tfl_21-465-_-y05-7_b3z8CFQ.xml
VJ_21-465-_-y05-7-14-Su,PK0001815:90,ABLO:PK0001815:90:465,JP_21-465-_-y05-7-36-I-2,15:45:00,22,Sunday,174,tfl_21-465-_-y05-7_b3z8CFQ.xml
VJ_21-465-_-y05-7-15-Su,PK0001815:90,ABLO:PK0001815:90:465,JP_21-465-_-y05-7-36-I-2,16:45:00,24,Sunday,175,tfl_21-465-_-y05-7_b3z8CFQ.xml
VJ_21-465-_-y05-7-16-Su,PK0001815:90,ABLO:PK0001815:90:465,JP_21-465-_-y05-7-37-I-2,13:45:00,18,Sunday,172,tfl_21-465-_-y05-7_b3z8CFQ.xml
VJ_21-465-_-y05-7-17-Su,PK0001815:90,ABLO:PK0001815:90:465,JP_21-465-_-y05-7-40-I-2,10:45:00,12,Sunday,169,tfl_21-465-_-y05-7_b3z8CFQ.xml
VJ_21-465-_-y05-7-18-Su,PK0001815:90,ABLO:PK0001815:90:465,JP_21-465-_-y05-7-43-I-2,12:45:00,16,Sunday,171,tfl_21-465-_-y05-7_b3z8CFQ.xml
VJ_21-465-_-y05-7-19-Su,PK0001815:90,ABLO:PK0001815:90:465,JP_21-465-_-y05-7-44-I-2,11:45:00,14,Sunday,170,tfl_21-465-_-y05-7_b3z8CFQ.xml
VJ_21-465-_-y05-7-20-Su,PK0001815:90,ABLO:PK0001815:90:465,JP_21-465-_-y05-7-1-O-3,00:00:00,37,Sunday,89,tfl_21-465-_-y05-7_b3z8CFQ.xml
VJ_21-465-_-y05-7-21-Su,PK0001815:90,ABLO:PK0001815:90:465,JP_21-465-_-y05-7-2-O-3,23:00:00,35,Sunday,88,tfl_21-465-_-y05-7_b3z8CFQ.xml
VJ_21-465-_-y05-7-22-Su,PK0001815:90,ABLO:PK0001815:90:465,JP_21-465-_-y05-7-3-O-3,22:00:00,33,Sunday,87,tfl_21-465-_-y05-7_b3z8CFQ.xml
VJ_21-465-_-y05-7-23-Su,PK0001815:90,ABLO:PK0001815:90:465,JP_21-465-_-y05-7-4-O-3,06:30:00,1,Sunday,71,tfl_21-465-_-y05-7_b3z8CFQ.xml
VJ_21-465-_-y05-7-24-Su,PK0001815:90,ABLO:PK0001815:90:465,JP_21-465-_-y05-7-4-O-3,07:30:00,3,Sunday,72,tfl_21-465-_-y05-7_b3z8CFQ.xml
VJ_21-465-_-y05-7-25-Su,PK0001815:90,ABLO:PK0001815:90:465,JP_21-465-_-y05-7-5-O-3,08:29:00,5,Sunday,73,tfl_21-465-_-y05-7_b3z8CFQ.xml
VJ_21-465-_-y05-7-26-Su,PK0001815:90,ABLO:PK0001815:90:465,JP_21-465-_-y05-7-6-O-3,09:25:00,7,Sunday,74,tfl_21-465-_-y05-7_b3z8CFQ.xml
VJ_21-465-_-y05-7-27-Su,PK0001815:90,ABLO:PK0001815:90:465,JP_21-465-_-y05-7-8-O-3,21:00:00,31,Sunday,86,tfl_21-465-_-y05-7_b3z8CFQ.xml
VJ_21-465-_-y05-7-28-Su,PK0001815:90,ABLO:PK0001815:90:465,JP_21-465-_-y05-7-9-O-3,20:10:00,29,Sunday,85,tfl_21-465-_-y05-7_b3z8CFQ.xml
VJ_21-465-_-y05-7-29-Su,PK0001815:90,ABLO:PK0001815:90:465,JP_21-465-_-y05-7-14-O-3,10:22:00,9,Sunday,75,tfl_21-465-_-y05-7_b3z8CFQ.xml
VJ_21-465-_-y05-7-30-Su,PK0001815:90,ABLO:PK0001815:90:465,JP_21-465-_-y05-7-16-O-3,11:20:00,11,Sunday,76,tfl_21-465-_-y05-7_b3z8CFQ.xml
VJ_21-465-_-y05-7-31-Su,PK0001815:90,ABLO:PK0001815:90:465,JP_21-465-_-y05-7-18-O-3,19:20:00,27,Sunday,84,tfl_21-465-_-y05-7_b3z8CFQ.xml
VJ_21-465-_-y05-7-32-Su,PK0001815:90,ABLO:PK0001815:90:465,JP_21-465-_-y05-7-28-O-3,12:20:00,13,Sunday,77,tfl_21-465-_-y05-7_b3z8CFQ.xml
VJ_21-465-_-y05-7-33-Su,PK0001815:90,ABLO:PK0001815:90:465,JP_21-465-_-y05-7-31-O-3,18:20:00,25,Sunday,83,tfl_21-465-_-y05-7_b3z8CFQ.xml
VJ_21-465-_-y05-7-34-Su,PK0001815:90,ABLO:PK0001815:90:465,JP_21-465-_-y05-7-32-O-3,15:20:00,19,Sunday,80,tfl_21-465-_-y05-7_b3z8CFQ.xml
VJ_21-465-_-y05-7-35-Su,PK0001815:90,ABLO:PK0001815:90:465,JP_21-465-_-y05-7-32-O-3,16:20:00,21,Sunday,81,tfl_21-465-_-y05-7_b3z8CFQ.xml
VJ_21-465-_-y05-7-36-Su,PK0001815:90,ABLO:PK0001815:90:465,JP_21-465-_-y05-7-32-O-3,17:20:00,23,Sunday,82,tfl_21-465-_-y05-7_b3z8CFQ.xml
VJ_21-465-_-y05-7-37-Su,PK0001815:90,ABLO:PK0001815:90:465,JP_21-465-_-y05-7-36-O-3,13:20:00,15,Sunday,78,tfl_21-465-_-y05-7_b3z8CFQ.xml
VJ_21-465-_-y05-7-38-Su,PK0001815:90,ABLO:PK0001815:90:465,JP_21-465-_-y05-7-36-O-3,14:20:00,17,Sunday,79,tfl_21-465-_-y05-7_b3z8CFQ.xml
VJ_21-465-_-y05-7-1-MF,PK0001815:90,ABLO:PK0001815:90:465,JP_21-465-_-y05-7-1-I-1,00:00:00,76,"Monday,Tuesday,Wednesday,Thursday,Friday",127,tfl_21-465-_-y05-7_b3z8CFQ.xml
VJ_21-465-_-y05-7-2-MF,PK0001815:90,ABLO:PK0001815:90:465,JP_21-465-_-y05-7-4-I-1,21:15:00,70,"Monday,Tuesday,Wednesday,Thursday,Friday",124,tfl_21-465-_-y05-7_b3z8CFQ.xml
VJ_21-465-_-y05-7-3-MF,PK0001815:90,ABLO:PK0001815:90:465,JP_21-465-_-y05-7-5-I-1,20:15:00,66,"Monday,Tuesday,Wednesday,Thursday,Friday",122,tfl_21-465-_-y05-7_b3z8CFQ.xml
VJ_21-465-_-y05-7-4-MF,PK0001815:90,ABLO:PK0001815:90:465,JP_21-465-_-y05-7-7-I-1,19:17:00,62,"Monday,Tuesday,Wednesday,Thursday,Friday",120,tfl_21-465-_-y05-7_b3z8CFQ.xml
VJ_21-465-_-y05-7-5-MF,PK0001815:90,ABLO:PK0001815:90:465,JP_21-465-_-y05-7-8-I-1,10:59:00,26,"Monday,Tuesday,Wednesday,Thursday,Friday",102,tfl_21-465-_-y05-7_b3z8CFQ.xml
VJ_21-465-_-y05-7-6-MF,PK0001815:90,ABLO:PK0001815:90:465,JP_21-465-_-y05-7-13-I-2,23:00:00,74,"Monday,Tuesday,Wednesday,Thursday,Friday",126,tfl_21-465-_-y05-7_b3z8CFQ.xml
VJ_21-465-_-y05-7-7-MF,PK0001815:90,ABLO:PK0001815:90:465,JP_21-465-_-y05-7-15-I-2,05:15:00,2,"Monday,Tuesday,Wednesday,Thursday,Friday",90,tfl_21-465-_-y05-7_b3z8CFQ.xml
VJ_21-465-_-y05-7-8-MF,PK0001815:90,ABLO:PK0001815:90:465,JP_21-465-_-y05-7-16-I-2,05:45:00,4,"Monday,Tuesday,Wednesday,Thursday,Friday",91,tfl_21-465-_-y05-7_b3z8CFQ.xml
VJ_21-465-_-y05-7-9-MF,PK0001815:90,ABLO:PK0001815:90:465,JP_21-465-_-y05-7-17-I-2,22:00:00,72,"Monday,Tuesday,Wednesday,Thursday,Friday",125,tfl_21-465-_-y05-7_b3z8CFQ.xml
VJ_21-465-_-y05-7-10-MF,PK0001815:90,ABLO:PK0001815:90:465,JP_21-465-_-y05-7-21-I-2,20:45:00,68,"Monday,Tuesday,Wednesday,Thursday,Friday",123,tfl_21-465-_-y05-7_b3z8CFQ.xml
VJ_21-465-_-y05-7-11-MF,PK0001815:90,ABLO:PK0001815:90:465,JP_21-465-_-y05-7-23-I-2,19:47:00,64,"Monday,Tuesday,Wednesday,Thursday,Friday",121,tfl_21-465-_-y05-7_b3z8CFQ.xml
VJ_21-465-_-y05-7-12-MF,PK0001815:90,ABLO:PK0001815:90:465,JP_21-465-_-y05-7-25-I-2,06:15:00,6,"Monday,Tuesday,Wednesday,Thursday,Friday",92,tfl_21-465-_-y05-7_b3z8CFQ.xml
VJ_21-465-_-y05-7-13-MF,PK0001815:90,ABLO:PK0001815:90:465,JP_21-465-_-y05-7-26-I-2,06:45:00,8,"Monday,Tuesday,Wednesday,Thursday,Friday",93,tfl_21-465-_-y05-7_b3z8CFQ.xml
VJ_21-465-_-y05-7-14-MF,PK0001815:90,ABLO:PK0001815:90:465,JP_21-465-_-y05-7-32-I-2,07:05:00,10,"Monday,Tuesday,Wednesday,Thursday,Friday",94,tfl_21-465-_-y05-7_b3z8CFQ.xml
VJ_21-465-_-y05-7-15-MF,PK0001815:90,ABLO:PK0001815:90:465,JP_21-465-_-y05-7-39-I-2,18:47:00,60,"Monday,Tuesday,Wednesday,Thursday,Friday",119,tfl_21-465-_-y05-7_b3z8CFQ.xml
VJ_21-465-_-y05-7-16-MF,PK0001815:90,ABLO:PK0001815:90:465,JP_21-465-_-y05-7-45-I-2,10:29:00,24,"Monday,Tuesday,Wednesday,Thursday,Friday",101,tfl_21-465-_-y05-7_b3z8CFQ.xml
VJ_21-465-_-y05-7-17-MF,PK0001815:90,ABLO:PK0001815:90:465,JP_21-465-_-y05-7-45-I-2,11:19:00,28,"Monday,Tuesday,Wednesday,Thursday,Friday",103,tfl_21-465-_-y05-7_b3z8CFQ.xml
VJ_21-465-_-y05-7-18-MF,PK0001815:90,ABLO:PK0001815:90:465,JP_21-465-_-y05-7-45-I-2,11:49:00,30,"Monday,Tuesday,Wednesday,Thursday,Friday",104,tfl_21-465-_-y05-7_b3z8CFQ.xml
VJ_21-465-_-y05-7-19-MF,PK0001815:90,ABLO:PK0001815:90:465,JP_21-465-_-y05-7-45-I-2,12:19:00,32,"Monday,Tuesday,Wednesday,Thursday,Friday",105,tfl_21-465-_-y05-7_b3z8CFQ.xml
VJ_21-465-_-y05-7-20-MF,PK0001815:90,ABLO:PK0001815:90:465,JP_21-465-_-y05-7-45-I-2,12:47:00,34,"Monday,Tuesday,Wednesday,Thursday,Friday",106,tfl_21-465-_-y05-7_b3z8CFQ.xml
VJ_21-465-_-y05-7-21-MF,PK0001815:90,ABLO:PK0001815:90:465,JP_21-465-_-y05-7-45-I-2,13:15:00,36,"Monday,Tuesday,Wednesday,Thursday,Friday",107,tfl_21-465-_-y05-7_b3z8CFQ.xml
VJ_21-465-_-y05-7-22-MF,PK0001815:90,ABLO:PK0001815:90:465,JP_21-465-_-y05-7-45-I-2,13:33:00,38,"Monday,Tuesday,Wednesday,Thursday,Friday",108,tfl_21-465-_-y05-7_b3z8CFQ.xml
VJ_21-465-_-y05-7-23-MF,PK0001815:90,ABLO:PK0001815:90:465,JP_21-465-_-y05-7-46-I-2,09:29:00,20,"Monday,Tuesday,Wednesday,Thursday,Friday",99,tfl_21-465-_-y05-7_b3z8CFQ.xml
VJ_21-465-_-y05-7-24-MF,PK0001815:90,ABLO:PK0001815:90:465,JP_21-465-_-y05-7-46-I-2,09:59:00,22,"Monday,Tuesday,Wednesday,Thursday,Friday",100,tfl_21-465-_-y05-7_b3z8CFQ.xml
VJ_21-465-_-y05-7-25-MF,PK0001815:90,ABLO:PK0001815:90:465,JP_21-465-_-y05-7-47-I-2,07:31:00,12,"Monday,Tuesday,Wednesday,Thursday,Friday",95,tfl_21-465-_-y05-7_b3z8CFQ.xml
VJ_21-465-_-y05-7-26-MF,PK0001815:90,ABLO:PK0001815:90:465,JP_21-465-_-y05-7-49-I-2,08:59:00,18,"Monday,Tuesday,Wednesday,Thursday,Friday",98,tfl_21-465-_-y05-7_b3z8CFQ.xml
VJ_21-465-_-y05-7-27-MF,PK0001815:90,ABLO:PK0001815:90:465,JP_21-465-_-y05-7-50-I-2,08:29:00,16,"Monday,Tuesday,Wednesday,Thursday,Friday",97,tfl_21-465-_-y05-7_b3z8CFQ.xml
VJ_21-465-_-y05-7-28-MF,PK0001815:90,ABLO:PK0001815:90:465,JP_21-465-_-y05-7-51-I-2,07:59:00,14,"Monday,Tuesday,Wednesday,Thursday,Friday",96,tfl_21-465-_-y05-7_b3z8CFQ.xml
VJ_21-465-_-y05-7-29-MF,PK0001815:90,ABLO:PK0001815:90:465,JP_21-465-_-y05-7-53-I-2,13:59:00,40,"Monday,Tuesday,Wednesday,Thursday,Friday",109,tfl_21-465-_-y05-7_b3z8CFQ.xml
VJ_21-465-_-y05-7-30-MF,PK0001815:90,ABLO:PK0001815:90:465,JP_21-465-_-y05-7-54-I-2,14:27:00,42,"Monday,Tuesday,Wednesday,Thursday,Friday",110,tfl_21-465-_-y05-7_b3z8CFQ.xml
VJ_21-465-_-y05-7-31-MF,PK0001815:90,ABLO:PK0001815:90:465,JP_21-465-_-y05-7-55-I-2,14:55:00,44,"Monday,Tuesday,Wednesday,Thursday,Friday",111,tfl_21-465-_-y05-7_b3z8CFQ.xml
VJ_21-465-_-y05-7-32-MF,PK0001815:90,ABLO:PK0001815:90:465,JP_21-465-_-y05-7-60-I-2,18:17:00,58,"Monday,Tuesday,Wednesday,Thursday,Friday",118,tfl_21-465-_-y05-7_b3z8CFQ.xml
VJ_21-465-_-y05-7-33-MF,PK0001815:90,ABLO:PK0001815:90:465,JP_21-465-_-y05-7-63-I-2,17:47:00,56,"Monday,Tuesday,Wednesday,Thursday,Friday",117,tfl_21-465-_-y05-7_b3z8CFQ.xml
VJ_21-465-_-y05-7-34-MF,PK0001815:90,ABLO:PK0001815:90:465,JP_21-465-_-y05-7-64-I-2,15:23:00,46,"Monday,Tuesday,Wednesday,Thursday,Friday",112,tfl_21-465-_-y05-7_b3z8CFQ.xml
VJ_21-465-_-y05-7-35-MF,PK0001815:90,ABLO:PK0001815:90:465,JP_21-465-_-y05-7-65-I-2,15:51:00,48,"Monday,Tuesday,Wednesday,Thursday,Friday",113,tfl_21-465-_-y05-7_b3z8CFQ.xml
VJ_21-465-_-y05-7-36-MF,PK0001815:90,ABLO:PK0001815:90:465,JP_21-465-_-y05-7-66-I-2,16:17:00,50,"Monday,Tuesday,Wednesday,Thursday,Friday",114,tfl_21-465-_-y05-7_b3z8CFQ.xml
VJ_21-465-_-y05-7-37-MF,PK0001815:90,ABLO:PK0001815:90:465,JP_21-465-_-y05-7-66-I-2,16:47:00,52,"Monday,Tuesday,Wednesday,Thursday,Friday",115,tfl_21-465-_-y05-7_b3z8CFQ.xml
VJ_21-465-_-y05-7-38-MF,PK0001815:90,ABLO:PK0001815:90:465,JP_21-465-_-y05-7-66-I-2,17:17:00,54,"Monday,Tuesday,Wednesday,Thursday,Friday",116,tfl_21-465-_-y05-7_b3z8CFQ.xml
VJ_21-465-_-y05-7-39-MF,PK0001815:90,ABLO:PK0001815:90:465,JP_21-465-_-y05-7-1-O-3,00:00:00,69,"Monday,Tuesday,Wednesday,Thursday,Friday",35,tfl_21-465-_-y05-7_b3z8CFQ.xml
VJ_21-465-_-y05-7-40-MF,PK0001815:90,ABLO:PK0001815:90:465,JP_21-465-_-y05-7-8-O-3,23:00:00,67,"Monday,Tuesday,Wednesday,Thursday,Friday",34,tfl_21-465-_-y05-7_b3z8CFQ.xml
VJ_21-465-_-y05-7-41-MF,PK0001815:90,ABLO:PK0001815:90:465,JP_21-465-_-y05-7-10-O-3,22:00:00,65,"Monday,Tuesday,Wednesday,Thursday,Friday",33,tfl_21-465-_-y05-7_b3z8CFQ.xml
VJ_21-465-_-y05-7-42-MF,PK0001815:90,ABLO:PK0001815:90:465,JP_21-465-_-y05-7-13-O-3,06:00:00,1,"Monday,Tuesday,Wednesday,Thursday,Friday",1,tfl_21-465-_-y05-7_b3z8CFQ.xml
VJ_21-465-_-y05-7-43-MF,PK0001815:90,ABLO:PK0001815:90:465,JP_21-465-_-y05-7-15-O-3,06:30:00,3,"Monday,Tuesday,Wednesday,Thursday,Friday",2,tfl_21-465-_-y05-7_b3z8CFQ.xml
VJ_21-465-_-y05-7-44-MF,PK0001815:90,ABLO:PK0001815:90:465,JP_21-465-_-y05-7-17-O-3,21:00:00,63,"Monday,Tuesday,Wednesday,Thursday,Friday",32,tfl_21-465-_-y05-7_b3z8CFQ.xml
VJ_21-465-_-y05-7-45-MF,PK0001815:90,ABLO:PK0001815:90:465,JP_21-465-_-y05-7-19-O-3,20:30:00,61,"Monday,Tuesday,Wednesday,Thursday,Friday",31,tfl_21-465-_-y05-7_b3z8CFQ.xml
VJ_21-465-_-y05-7-46-MF,PK0001815:90,ABLO:PK0001815:90:465,JP_21-465-_-y05-7-27-O-3,20:00:00,59,"Monday,Tuesday,Wednesday,Thursday,Friday",30,tfl_21-465-_-y05-7_b3z8CFQ.xml
VJ_21-465-_-y05-7-47-MF,PK0001815:90,ABLO:PK0001815:90:465,JP_21-465-_-y05-7-29-O-3,07:00:00,5,"Monday,Tuesday,Wednesday,Thursday,Friday",3,tfl_21-465-_-y05-7_b3z8CFQ.xml
VJ_21-465-_-y05-7-48-MF,PK0001815:90,ABLO:PK0001815:90:465,JP_21-465-_-y05-7-37-O-3,07:25:00,7,"Monday,Tuesday,Wednesday,Thursday,Friday",4,tfl_21-465-_-y05-7_b3z8CFQ.xml
VJ_21-465-_-y05-7-49-MF,PK0001815:90,ABLO:PK0001815:90:465,JP_21-465-_-y05-7-38-O-3,19:32:00,57,"Monday,Tuesday,Wednesday,Thursday,Friday",29,tfl_21-465-_-y05-7_b3z8CFQ.xml
VJ_21-465-_-y05-7-50-MF,PK0001815:90,ABLO:PK0001815:90:465,JP_21-465-_-y05-7-39-O-3,19:05:00,55,"Monday,Tuesday,Wednesday,Thursday,Friday",28,tfl_21-465-_-y05-7_b3z8CFQ.xml
VJ_21-465-_-y05-7-51-MF,PK0001815:90,ABLO:PK0001815:90:465,JP_21-465-_-y05-7-40-O-3,09:20:00,15,"Monday,Tuesday,Wednesday,Thursday,Friday",8,tfl_21-465-_-y05-7_b3z8CFQ.xml
VJ_21-465-_-y05-7-52-MF,PK0001815:90,ABLO:PK0001815:90:465,JP_21-465-_-y05-7-40-O-3,09:50:00,17,"Monday,Tuesday,Wednesday,Thursday,Friday",9,tfl_21-465-_-y05-7_b3z8CFQ.xml
VJ_21-465-_-y05-7-53-MF,PK0001815:90,ABLO:PK0001815:90:465,JP_21-465-_-y05-7-40-O-3,10:20:00,19,"Monday,Tuesday,Wednesday,Thursday,Friday",10,tfl_21-465-_-y05-7_b3z8CFQ.xml
VJ_21-465-_-y05-7-54-MF,PK0001815:90,ABLO:PK0001815:90:465,JP_21-465-_-y05-7-40-O-3,10:50:00,21,"Monday,Tuesday,Wednesday,Thursday,Friday",11,tfl_21-465-_-y05-7_b3z8CFQ.xml
VJ_21-465-_-y05-7-55-MF,PK0001815:90,ABLO:PK0001815:90:465,JP_21-465-_-y05-7-40-O-3,11:20:00,23,"Monday,Tuesday,Wednesday,Thursday,Friday",12,tfl_21-465-_-y05-7_b3z8CFQ.xml
VJ_21-465-_-y05-7-56-MF,PK0001815:90,ABLO:PK0001815:90:465,JP_21-465-_-y05-7-40-O-3,11:45:00,25,"Monday,Tuesday,Wednesday,Thursday,Friday",13,tfl_21-465-_-y05-7_b3z8CFQ.xml
VJ_21-465-_-y05-7-57-MF,PK0001815:90,ABLO:PK0001815:90:465,JP_21-465-_-y05-7-40-O-3,12:15:00,27,"Monday,Tuesday,Wednesday,Thursday,Friday",14,tfl_21-465-_-y05-7_b3z8CFQ.xml
VJ_21-465-_-y05-7-58-MF,PK0001815:90,ABLO:PK0001815:90:465,JP_21-465-_-y05-7-40-O-3,12:45:00,29,"Monday,Tuesday,Wednesday,Thursday,Friday",15,tfl_21-465-_-y05-7_b3z8CFQ.xml
VJ_21-465-_-y05-7-59-MF,PK0001815:90,ABLO:PK0001815:90:465,JP_21-465-_-y05-7-40-O-3,13:15:00,31,"Monday,Tuesday,Wednesday,Thursday,Friday",16,tfl_21-465-_-y05-7_b3z8CFQ.xml
VJ_21-465-_-y05-7-60-MF,PK0001815:90,ABLO:PK0001815:90:465,JP_21-465-_-y05-7-40-O-3,13:45:00,33,"Monday,Tuesday,Wednesday,Thursday,Friday",17,tfl_21-465-_-y05-7_b3z8CFQ.xml
VJ_21-465-_-y05-7-61-MF,PK0001815:90,ABLO:PK0001815:90:465,JP_21-465-_-y05-7-41-O-3,14:15:00,35,"Monday,Tuesday,Wednesday,Thursday,Friday",18,tfl_21-465-_-y05-7_b3z8CFQ.xml
VJ_21-465-_-y05-7-62-MF,PK0001815:90,ABLO:PK0001815:90:465,JP_21-465-_-y05-7-42-O-3,14:45:00,37,"Monday,Tuesday,Wednesday,Thursday,Friday",19,tfl_21-465-_-y05-7_b3z8CFQ.xml
VJ_21-465-_-y05-7-63-MF,PK0001815:90,ABLO:PK0001815:90:465,JP_21-465-_-y05-7-43-O-3,08:50:00,13,"Monday,Tuesday,Wednesday,Thursday,Friday",7,tfl_21-465-_-y05-7_b3z8CFQ.xml
VJ_21-465-_-y05-7-64-MF,PK0001815:90,ABLO:PK0001815:90:465,JP_21-465-_-y05-7-44-O-3,08:20:00,11,"Monday,Tuesday,Wednesday,Thursday,Friday",6,tfl_21-465-_-y05-7_b3z8CFQ.xml
VJ_21-465-_-y05-7-65-MF,PK0001815:90,ABLO:PK0001815:90:465,JP_21-465-_-y05-7-45-O-3,07:50:00,9,"Monday,Tuesday,Wednesday,Thursday,Friday",5,tfl_21-465-_-y05-7_b3z8CFQ.xml
VJ_21-465-_-y05-7-66-MF,PK0001815:90,ABLO:PK0001815:90:465,JP_21-465-_-y05-7-46-O-3,15:10:00,39,"Monday,Tuesday,Wednesday,Thursday,Friday",20,tfl_21-465-_-y05-7_b3z8CFQ.xml
VJ_21-465-_-y05-7-67-MF,PK0001815:90,ABLO:PK0001815:90:465,JP_21-465-_-y05-7-54-O-3,18:35:00,53,"Monday,Tuesday,Wednesday,Thursday,Friday",27,tfl_21-465-_-y05-7_b3z8CFQ.xml
VJ_21-465-_-y05-7-68-MF,PK0001815:90,ABLO:PK0001815:90:465,JP_21-465-_-y05-7-55-O-3,18:05:00,51,"Monday,Tuesday,Wednesday,Thursday,Friday",26,tfl_21-465-_-y05-7_b3z8CFQ.xml
VJ_21-465-_-y05-7-69-MF,PK0001815:90,ABLO:PK0001815:90:465,JP_21-465-_-y05-7-56-O-3,15:35:00,41,"Monday,Tuesday,Wednesday,Thursday,Friday",21,tfl_21-465-_-y05-7_b3z8CFQ.xml
VJ_21-465-_-y05-7-70-MF,PK0001815:90,ABLO:PK0001815:90:465,JP_21-465-_-y05-7-57-O-3,17:35:00,49,"Monday,Tuesday,Wednesday,Thursday,Friday",25,tfl_21-465-_-y05-7_b3z8CFQ.xml
VJ_21-465-_-y05-7-71-MF,PK0001815:90,ABLO:PK0001815:90:465,JP_21-465-_-y05-7-58-O-3,16:05:00,43,"Monday,Tuesday,Wednesday,Thursday,Friday",22,tfl_21-465-_-y05-7_b3z8CFQ.xml
VJ_21-465-_-y05-7-72-MF,PK0001815:90,ABLO:PK0001815:90:465,JP_21-465-_-y05-7-58-O-3,16:35:00,45,"Monday,Tuesday,Wednesday,Thursday,Friday",23,tfl_21-465-_-y05-7_b3z8CFQ.xml
VJ_21-465-_-y05-7-73-MF,PK0001815:90,ABLO:PK0001815:90:465,JP_21-465-_-y05-7-58-O-3,17:05:00,47,"Monday,Tuesday,Wednesday,Thursday,Friday",24,tfl_21-465-_-y05-7_b3z8CFQ.xml
VJ_21-R68-_-y05-58885-1-Sa,PK0001815:15,ABLO:PK0001815:15:R68,JP_21-R68-_-y05-58885-5-I-1,05:10:00,2,Saturday,276,tfl_21-R68-_-y05-58885.xml
VJ_21-R68-_-y05-58885-2-Sa,PK0001815:15,ABLO:PK0001815:15:R68,JP_21-R68-_-y05-58885-5-I-1,05:30:00,4,Saturday,277,tfl_21-R68-_-y05-58885.xml
VJ_21-R68-_-y05-58885-3-Sa,PK0001815:15,ABLO:PK0001815:15:R68,JP_21-R68-_-y05-58885-6-I-1,05:50:00,6,Saturday,278,tfl_21-R68-_-y05-58885.xml
VJ_21-R68-_-y05-58885-4-Sa,PK0001815:15,ABLO:PK0001815:15:R68,JP_21-R68-_-y05-58885-8-I-1,06:10:00,8,Saturday,279,tfl_21-R68-_-y05-58885.xml
VJ_21-R68-_-y05-58885-5-Sa,PK0001815:15,ABLO:PK0001815:15:R68,JP_21-R68-_-y05-58885-8-I-1,06:30:00,10,Saturday,280,tfl_21-R68-_-y05-58885.xml
VJ_21-R68-_-y05-58885-6-Sa,PK0001815:15,ABLO:PK0001815:15:R68,JP_21-R68-_-y05-58885-12-I-1,23:00:00,128,Saturday,339,tfl_21-R68-_-y05-58885.xml
VJ_21-R68-_-y05-58885-7-Sa,PK0001815:15,ABLO:PK0001815:15:R68,JP_21-R68-_-y05-58885-12-I-1,23:20:00,130,Saturday,340,tfl_21-R68-_-y05-58885.xml
VJ_21-R68-_-y05-58885-8-Sa,PK0001815:15,ABLO:PK0001815:15:R68,JP_21-R68-_-y05-58885-12-I-1,23:40:00,132,Saturday,341,tfl_21-R68-_-y05-58885.xml
VJ_21-R68-_-y05-58885-9-Sa,PK0001815:15,ABLO:PK0001815:15:R68,JP_21-R68-_-y05-58885-12-I-1,00:00:00,134,Saturday,342,tfl_21-R68-_-y05-58885.xml
VJ_21-R68-_-y05-58885-10-Sa,PK0001815:15,ABLO:PK0001815:15:R68,JP_21-R68-_-y05-58885-12-I-1,00:20:00,136,Saturday,343,tfl_21-R68-_-y05-58885.xml
VJ_21-R68-_-y05-58885-11-Sa,PK0001815:15,ABLO:PK0001815:15:R68,JP_21-R68-_-y05-58885-16-I-1,22:00:00,122,Saturday,336,tfl_21-R68-_-y05-58885.xml
VJ_21-R68-_-y05-58885-12-Sa,PK0001815:15,ABLO:PK0001815:15:R68,JP_21-R68-_-y05-58885-16-I-1,22:20:00,124,Saturday,337,tfl_21-R68-_-y05-58885.xml
VJ_21-R68-_-y05-58885-13-Sa,PK0001815:15,ABLO:PK0001815:15:R68,JP_21-R68-_-y05-58885-16-I-1,22:40:00,126,Saturday,338,tfl_21-R68-_-y05-58885.xml
VJ_21-R68-_-y05-58885-14-Sa,PK0001815:15,ABLO:PK0001815:15:R68,JP_21-R68-_-y05-58885-18-I-1,06:50:00,12,Saturday,281,tfl_21-R68-_-y05-58885.xml
VJ_21-R68-_-y05-58885-15-Sa,PK0001815:15,ABLO:PK0001815:15:R68,JP_21-R68-_-y05-58885-20-I-1,21:00:00,116,Saturday,333,tfl_21-R68-_-y05-58885.xml
VJ_21-R68-_-y05-58885-16-Sa,PK0001815:15,ABLO:PK0001815:15:R68,JP_21-R68-_-y05-58885-20-I-1,21:20:00,118,Saturday,334,tfl_21-R68-_-y05-58885.xml
VJ_21-R68-_-y05-58885-17-Sa,PK0001815:15,ABLO:PK0001815:15:R68,JP_21-R68-_-y05-58885-20-I-1,21:40:00,120,Saturday,335,tfl_21-R68-_-y05-58885.xml
VJ_21-R68-_-y05-58885-18-Sa,PK0001815:15,ABLO:PK0001815:15:R68,JP_21-R68-_-y05-58885-25-I-1,07:10:00,14,Saturday,282,tfl_21-R68-_-y05-58885.xml
VJ_21-R68-_-y05-58885-19-Sa,PK0001815:15,ABLO:PK0001815:15:R68,JP_21-R68-_-y05-58885-26-I-1,07:26:00,16,Saturday,283,tfl_21-R68-_-y05-58885.xml
VJ_21-R68-_-y05-58885-20-Sa,PK0001815:15,ABLO:PK0001815:15:R68,JP_21-R68-_-y05-58885-27-I-1,07:42:00,18,Saturday,284,tfl_21-R68-_-y05-58885.xml
VJ_21-R68-_-y05-58885-21-Sa,PK0001815:15,ABLO:PK0001815:15:R68,JP_21-R68-_-y05-58885-31-I-1,07:58:00,20,Saturday,285,tfl_21-R68-_-y05-58885.xml
VJ_21-R68-_-y05-58885-22-Sa,PK0001815:15,ABLO:PK0001815:15:R68,JP_21-R68-_-y05-58885-34-I-1,08:14:00,22,Saturday,286,tfl_21-R68-_-y05-58885.xml
VJ_21-R68-_-y05-58885-23-Sa,PK0001815:15,ABLO:PK0001815:15:R68,JP_21-R68-_-y05-58885-35-I-1,08:30:00,24,Saturday,287,tfl_21-R68-_-y05-58885.xml
VJ_21-R68-_-y05-58885-24-Sa,PK0001815:15,ABLO:PK0001815:15:R68,JP_21-R68-_-y05-58885-37-I-1,20:40:00,114,Saturday,332,tfl_21-R68-_-y05-58885.xml
VJ_21-R68-_-y05-58885-25-Sa,PK0001815:15,ABLO:PK0001815:15:R68,JP_21-R68-_-y05-58885-38-I-1,20:00:00,110,Saturday,330,tfl_21-R68-_-y05-58885.xml
VJ_21-R68-_-y05-58885-26-Sa,PK0001815:15,ABLO:PK0001815:15:R68,JP_21-R68-_-y05-58885-38-I-1,20:20:00,112,Saturday,331,tfl_21-R68-_-y05-58885.xml
VJ_21-R68-_-y05-58885-27-Sa,PK0001815:15,ABLO:PK0001815:15:R68,JP_21-R68-_-y05-58885-42-I-1,19:24:00,106,Saturday,328,tfl_21-R68-_-y05-58885.xml
VJ_21-R68-_-y05-58885-28-Sa,PK0001815:15,ABLO:PK0001815:15:R68,JP_21-R68-_-y05-58885-42-I-1,19:40:00,108,Saturday,329,tfl_21-R68-_-y05-58885.xml
VJ_21-R68-_-y05-58885-29-Sa,PK0001815:15,ABLO:PK0001815:15:R68,JP_21-R68-_-y05-58885-43-I-1,19:08:00,104,Saturday,327,tfl_21-R68-_-y05-58885.xml
VJ_21-R68-_-y05-58885-30-Sa,PK0001815:15,ABLO:PK0001815:15:R68,JP_21-R68-_-y05-58885-47-I-1,08:46:00,26,Saturday,288,tfl_21-R68-_-y05-58885.xml
VJ_21-R68-_-y05-58885-31-Sa,PK0001815:15,ABLO:PK0001815:15:R68,JP_21-R68-_-y05-58885-53-I-1,09:02:00,28,Saturday,289,tfl_21-R68-_-y05-58885.xml
VJ_21-R68-_-y05-58885-32-Sa,PK0001815:15,ABLO:PK0001815:15:R68,JP_21-R68-_-y05-58885-54-I-1,09:18:00,30,Saturday,290,tfl_21-R68-_-y05-58885.xml
VJ_21-R68-_-y05-58885-33-Sa,PK0001815:15,ABLO:PK0001815:15:R68,JP_21-R68-_-y05-58885-55-I-1,09:34:00,32,Saturday,291,tfl_21-R68-_-y05-58885.xml
VJ_21-R68-_-y05-58885-34-Sa,PK0001815:15,ABLO:PK0001815:15:R68,JP_21-R68-_-y05-58885-56-I-1,09:50:00,34,Saturday,292,tfl_21-R68-_-y05-58885.xml
VJ_21-R68-_-y05-58885-35-Sa,PK0001815:15,ABLO:PK0001815:15:R68,JP_21-R68-_-y05-58885-63-I-1,18:36:00,100,Saturday,325,tfl_21-R68-_-y05-58885.xml
VJ_21-R68-_-y05-58885-36-Sa,PK0001815:15,ABLO:PK0001815:15:R68,JP_21-R68-_-y05-58885-63-I-1,18:52:00,102,Saturday,326,tfl_21-R68-_-y05-58885.xml
VJ_21-R68-_-y05-58885-37-Sa,PK0001815:15,ABLO:PK0001815:15:R68,JP_21-R68-_-y05-58885-66-I-1,18:20:00,98,Saturday,324,tfl_21-R68-_-y05-58885.xml
VJ_21-R68-_-y05-58885-38-Sa,PK0001815:15,ABLO:PK0001815:15:R68,JP_21-R68-_-y05-58885-67-I-1,18:04:00,96,Saturday,323,tfl_21-R68-_-y05-58885.xml
VJ_21-R68-_-y05-58885-39-Sa,PK0001815:15,ABLO:PK0001815:15:R68,JP_21-R68-_-y05-58885-77-I-1,10:05:00,36,Saturday,293,tfl_21-R68-_-y05-58885.xml
VJ_21-R68-_-y05-58885-40-Sa,PK0001815:15,ABLO:PK0001815:15:R68,JP_21-R68-_-y05-58885-78-I-1,10:20:00,38,Saturday,294,tfl_21-R68-_-y05-58885.xml
VJ_21-R68-_-y05-58885-41-Sa,PK0001815:15,ABLO:PK0001815:15:R68,JP_21-R68-_-y05-58885-79-I-1,10:36:00,40,Saturday,295,tfl_21-R68-_-y05-58885.xml
VJ_21-R68-_-y05-58885-42-Sa,PK0001815:15,ABLO:PK0001815:15:R68,JP_21-R68-_-y05-58885-80-I-1,10:52:00,42,Saturday,296,tfl_21-R68-_-y05-58885.xml
VJ_21-R68-_-y05-58885-43-Sa,PK0001815:15,ABLO:PK0001815:15:R68,JP_21-R68-_-y05-58885-90-I-1,17:48:00,94,Saturday,322,tfl_21-R68-_-y05-58885.xml
VJ_21-R68-_-y05-58885-44-Sa,PK0001815:15,ABLO:PK0001815:15:R68,JP_21-R68-_-y05-58885-91-I-1,17:32:00,92,Saturday,321,tfl_21-R68-_-y05-58885.xml
VJ_21-R68-_-y05-58885-45-Sa,PK0001815:15,ABLO:PK0001815:15:R68,JP_21-R68-_-y05-58885-92-I-1,17:16:00,90,Saturday,320,tfl_21-R68-_-y05-58885.xml
VJ_21-R68-_-y05-58885-46-Sa,PK0001815:15,ABLO:PK0001815:15:R68,JP_21-R68-_-y05-58885-93-I-1,17:00:00,88,Saturday,319,tfl_21-R68-_-y05-58885.xml
VJ_21-R68-_-y05-58885-47-Sa,PK0001815:15,ABLO:PK0001815:15:R68,JP_21-R68-_-y05-58885-94-I-1,16:12:00,82,Saturday,316,tfl_21-R68-_-y05-58885.xml
VJ_21-R68-_-y05-58885-48-Sa,PK0001815:15,ABLO:PK0001815:15:R68,JP_21-R68-_-y05-58885-94-I-1,16:28:00,84,Saturday,317,tfl_21-R68-_-y05-58885.xml
VJ_21-R68-_-y05-58885-49-Sa,PK0001815:15,ABLO:PK0001815:15:R68,JP_21-R68-_-y05-58885-94-I-1,16:44:00,86,Saturday,318,tfl_21-R68-_-y05-58885.xml
VJ_21-R68-_-y05-58885-50-Sa,PK0001815:15,ABLO:PK0001815:15:R68,JP_21-R68-_-y05-58885-98-I-1,11:08:00,44,Saturday,297,tfl_21-R68-_-y05-58885.xml
VJ_21-R68-_-y05-58885-51-Sa,PK0001815:15,ABLO:PK0001815:15:R68,JP_21-R68-_-y05-58885-99-I-1,11:24:00,46,Saturday,298,tfl_21-R68-_-y05-58885.xml
VJ_21-R68-_-y05-58885-52-Sa,PK0001815:15,ABLO:PK0001815:15:R68,JP_21-R68-_-y05-58885-99-I-1,11:40:00,48,Saturday,299,tfl_21-R68-_-y05-58885.xml
VJ_21-R68-_-y05-58885-53-Sa,PK0001815:15,ABLO:PK0001815:15:R68,JP_21-R68-_-y05-58885-99-I-1,11:56:00,50,Saturday,300,tfl_21-R68-_-y05-58885.xml
VJ_21-R68-_-y05-58885-54-Sa,PK0001815:15,ABLO:PK0001815:15:R68,JP_21-R68-_-y05-58885-100-I-1,15:40:00,78,Saturday,314,tfl_21-R68-_-y05-58885.xml
VJ_21-R68-_-y05-58885-55-Sa,PK0001815:15,ABLO:PK0001815:15:R68,JP_21-R68-_-y05-58885-100-I-1,15:56:00,80,Saturday,315,tfl_21-R68-_-y05-58885.xml
VJ_21-R68-_-y05-58885-56-Sa,PK0001815:15,ABLO:PK0001815:15:R68,JP_21-R68-_-y05-58885-101-I-1,15:24:00,76,Saturday,313,tfl_21-R68-_-y05-58885.xml
VJ_21-R68-_-y05-58885-57-Sa,PK0001815:15,ABLO:PK0001815:15:R68,JP_21-R68-_-y05-58885-102-I-1,14:52:00,72,Saturday,311,tfl_21-R68-_-y05-58885.xml
VJ_21-R68-_-y05-58885-58-Sa,PK0001815:15,ABLO:PK0001815:15:R68,JP_21-R68-_-y05-58885-102-I-1,15:08:00,74,Saturday,312,tfl_21-R68-_-y05-58885.xml
VJ_21-R68-_-y05-58885-59-Sa,PK0001815:15,ABLO:PK0001815:15:R68,JP_21-R68-_-y05-58885-104-I-1,14:20:00,68,Saturday,309,tfl_21-R68-_-y05-58885.xml
VJ_21-R68-_-y05-58885-60-Sa,PK0001815:15,ABLO:PK0001815:15:R68,JP_21-R68-_-y05-58885-104-I-1,14:36:00,70,Saturday,310,tfl_21-R68-_-y05-58885.xml
VJ_21-R68-_-y05-58885-61-Sa,PK0001815:15,ABLO:PK0001815:15:R68,JP_21-R68-_-y05-58885-105-I-1,13:48:00,64,Saturday,307,tfl_21-R68-_-y05-58885.xml
VJ_21-R68-_-y05-58885-62-Sa,PK0001815:15,ABLO:PK0001815:15:R68,JP_21-R68-_-y05-58885-105-I-1,14:04:00,66,Saturday,308,tfl_21-R68-_-y05-58885.xml
VJ_21-R68-_-y05-58885-63-Sa,PK0001815:15,ABLO:PK0001815:15:R68,JP_21-R68-_-y05-58885-106-I-1,12:12:00,52,Saturday,301,tfl_21-R68-_-y05-58885.xml
VJ_21-R68-_-y05-58885-64-Sa,PK0001815:15,ABLO:PK0001815:15:R68,JP_21-R68-_-y05-58885-107-I-1,12:28:00,54,Saturday,302,tfl_21-R68-_-y05-58885.xml
VJ_21-R68-_-y05-58885-65-Sa,PK0001815:15,ABLO:PK0001815:15:R68,JP_21-R68-_-y05-58885-107-I-1,12:44:00,56,Saturday,303,tfl_21-R68-_-y05-58885.xml
VJ_21-R68-_-y05-58885-66-Sa,PK0001815:15,ABLO:PK0001815:15:R68,JP_21-R68-_-y05-58885-107-I-1,13:00:00,58,Saturday,304,tfl_21-R68-_-y05-58885.xml
VJ_21-R68-_-y05-58885-67-Sa,PK0001815:15,ABLO:PK0001815:15:R68,JP_21-R68-_-y05-58885-107-I-1,13:16:00,60,Saturday,305,tfl_21-R68-_-y05-58885.xml
VJ_21-R68-_-y05-58885-68-Sa,PK0001815:15,ABLO:PK0001815:15:R68,JP_21-R68-_-y05-58885-107-I-1,13:32:00,62,Saturday,306,tfl_21-R68-_-y05-58885.xml
VJ_21-R68-_-y05-58885-69-Sa,PK0001815:15,ABLO:PK0001815:15:R68,JP_21-R68-_-y05-58885-1-O-2,05:50:00,1,Saturday,71,tfl_21-R68-_-y05-58885.xml
VJ_21-R68-_-y05-58885-70-Sa,PK0001815:15,ABLO:PK0001815:15:R68,JP_21-R68-_-y05-58885-1-O-2,06:10:00,3,Saturday,72,tfl_21-R68-_-y05-58885.xml
VJ_21-R68-_-y05-58885-71-Sa,PK0001815:15,ABLO:PK0001815:15:R68,JP_21-R68-_-y05-58885-1-O-2,06:30:00,5,Saturday,73,tfl_21-R68-_-y05-58885.xml
VJ_21-R68-_-y05-58885-72-Sa,PK0001815:15,ABLO:PK0001815:15:R68,JP_21-R68-_-y05-58885-3-O-2,06:50:00,7,Saturday,74,tfl_21-R68-_-y05-58885.xml
VJ_21-R68-_-y05-58885-73-Sa,PK0001815:15,ABLO:PK0001815:15:R68,JP_21-R68-_-y05-58885-16-O-2,22:50:00,123,Saturday,132,tfl_21-R68-_-y05-58885.xml
VJ_21-R68-_-y05-58885-74-Sa,PK0001815:15,ABLO:PK0001815:15:R68,JP_21-R68-_-y05-58885-16-O-2,23:10:00,125,Saturday,133,tfl_21-R68-_-y05-58885.xml
VJ_21-R68-_-y05-58885-75-Sa,PK0001815:15,ABLO:PK0001815:15:R68,JP_21-R68-_-y05-58885-16-O-2,23:30:00,127,Saturday,134,tfl_21-R68-_-y05-58885.xml
VJ_21-R68-_-y05-58885-76-Sa,PK0001815:15,ABLO:PK0001815:15:R68,JP_21-R68-_-y05-58885-16-O-2,23:50:00,129,Saturday,135,tfl_21-R68-_-y05-58885.xml
VJ_21-R68-_-y05-58885-77-Sa,PK0001815:15,ABLO:PK0001815:15:R68,JP_21-R68-_-y05-58885-16-O-2,00:10:00,131,Saturday,136,tfl_21-R68-_-y05-58885.xml
VJ_21-R68-_-y05-58885-78-Sa,PK0001815:15,ABLO:PK0001815:15:R68,JP_21-R68-_-y05-58885-16-O-2,00:30:00,133,Saturday,137,tfl_21-R68-_-y05-58885.xml
VJ_21-R68-_-y05-58885-79-Sa,PK0001815:15,ABLO:PK0001815:15:R68,JP_21-R68-_-y05-58885-16-O-2,00:50:00,135,Saturday,138,tfl_21-R68-_-y05-58885.xml
VJ_21-R68-_-y05-58885-80-Sa,PK0001815:15,ABLO:PK0001815:15:R68,JP_21-R68-_-y05-58885-16-O-2,01:10:00,137,Saturday,139,tfl_21-R68-_-y05-58885.xml
VJ_21-R68-_-y05-58885-81-Sa,PK0001815:15,ABLO:PK0001815:15:R68,JP_21-R68-_-y05-58885-17-O-2,21:50:00,117,Saturday,129,tfl_21-R68-_-y05-58885.xml
VJ_21-R68-_-y05-58885-82-Sa,PK0001815:15,ABLO:PK0001815:15:R68,JP_21-R68-_-y05-58885-17-O-2,22:10:00,119,Saturday,130,tfl_21-R68-_-y05-58885.xml
VJ_21-R68-_-y05-58885-83-Sa,PK0001815:15,ABLO:PK0001815:15:R68,JP_21-R68-_-y05-58885-17-O-2,22:30:00,121,Saturday,131,tfl_21-R68-_-y05-58885.xml
VJ_21-R68-_-y05-58885-84-Sa,PK0001815:15,ABLO:PK0001815:15:R68,JP_21-R68-_-y05-58885-19-O-2,21:30:00,115,Saturday,128,tfl_21-R68-_-y05-58885.xml
VJ_21-R68-_-y05-58885-85-Sa,PK0001815:15,ABLO:PK0001815:15:R68,JP_21-R68-_-y05-58885-20-O-2,20:50:00,111,Saturday,126,tfl_21-R68-_-y05-58885.xml
VJ_21-R68-_-y05-58885-86-Sa,PK0001815:15,ABLO:PK0001815:15:R68,JP_21-R68-_-y05-58885-20-O-2,21:10:00,113,Saturday,127,tfl_21-R68-_-y05-58885.xml
VJ_21-R68-_-y05-58885-87-Sa,PK0001815:15,ABLO:PK0001815:15:R68,JP_21-R68-_-y05-58885-23-O-2,20:30:00,109,Saturday,125,tfl_21-R68-_-y05-58885.xml
VJ_21-R68-_-y05-58885-88-Sa,PK0001815:15,ABLO:PK0001815:15:R68,JP_21-R68-_-y05-58885-24-O-2,20:10:00,107,Saturday,124,tfl_21-R68-_-y05-58885.xml
VJ_21-R68-_-y05-58885-89-Sa,PK0001815:15,ABLO:PK0001815:15:R68,JP_21-R68-_-y05-58885-25-O-2,07:06:00,9,Saturday,75,tfl_21-R68-_-y05-58885.xml
VJ_21-R68-_-y05-58885-90-Sa,PK0001815:15,ABLO:PK0001815:15:R68,JP_21-R68-_-y05-58885-26-O-2,07:22:00,11,Saturday,76,tfl_21-R68-_-y05-58885.xml
VJ_21-R68-_-y05-58885-91-Sa,PK0001815:15,ABLO:PK0001815:15:R68,JP_21-R68-_-y05-58885-27-O-2,07:37:00,13,Saturday,77,tfl_21-R68-_-y05-58885.xml
VJ_21-R68-_-y05-58885-92-Sa,PK0001815:15,ABLO:PK0001815:15:R68,JP_21-R68-_-y05-58885-34-O-2,07:52:00,15,Saturday,78,tfl_21-R68-_-y05-58885.xml
VJ_21-R68-_-y05-58885-93-Sa,PK0001815:15,ABLO:PK0001815:15:R68,JP_21-R68-_-y05-58885-34-O-2,08:07:00,17,Saturday,79,tfl_21-R68-_-y05-58885.xml
VJ_21-R68-_-y05-58885-94-Sa,PK0001815:15,ABLO:PK0001815:15:R68,JP_21-R68-_-y05-58885-34-O-2,08:22:00,19,Saturday,80,tfl_21-R68-_-y05-58885.xml
VJ_21-R68-_-y05-58885-95-Sa,PK0001815:15,ABLO:PK0001815:15:R68,JP_21-R68-_-y05-58885-35-O-2,08:38:00,21,Saturday,81,tfl_21-R68-_-y05-58885.xml
VJ_21-R68-_-y05-58885-96-Sa,PK0001815:15,ABLO:PK0001815:15:R68,JP_21-R68-_-y05-58885-37-O-2,08:54:00,23,Saturday,82,tfl_21-R68-_-y05-58885.xml
VJ_21-R68-_-y05-58885-97-Sa,PK0001815:15,ABLO:PK0001815:15:R68,JP_21-R68-_-y05-58885-46-O-2,19:30:00,103,Saturday,122,tfl_21-R68-_-y05-58885.xml
VJ_21-R68-_-y05-58885-98-Sa,PK0001815:15,ABLO:PK0001815:15:R68,JP_21-R68-_-y05-58885-46-O-2,19:50:00,105,Saturday,123,tfl_21-R68-_-y05-58885.xml
VJ_21-R68-_-y05-58885-99-Sa,PK0001815:15,ABLO:PK0001815:15:R68,JP_21-R68-_-y05-58885-47-O-2,18:53:00,99,Saturday,120,tfl_21-R68-_-y05-58885.xml
VJ_21-R68-_-y05-58885-100-Sa,PK0001815:15,ABLO:PK0001815:15:R68,JP_21-R68-_-y05-58885-47-O-2,19:10:00,101,Saturday,121,tfl_21-R68-_-y05-58885.xml
VJ_21-R68-_-y05-58885-101-Sa,PK0001815:15,ABLO:PK0001815:15:R68,JP_21-R68-_-y05-58885-55-O-2,09:10:00,25,Saturday,83,tfl_21-R68-_-y05-58885.xml
VJ_21-R68-_-y05-58885-102-Sa,PK0001815:15,ABLO:PK0001815:15:R68,JP_21-R68-_-y05-58885-58-O-2,09:26:00,27,Saturday,84,tfl_21-R68-_-y05-58885.xml
VJ_21-R68-_-y05-58885-103-Sa,PK0001815:15,ABLO:PK0001815:15:R68,JP_21-R68-_-y05-58885-59-O-2,09:40:00,29,Saturday,85,tfl_21-R68-_-y05-58885.xml
VJ_21-R68-_-y05-58885-104-Sa,PK0001815:15,ABLO:PK0001815:15:R68,JP_21-R68-_-y05-58885-60-O-2,09:53:00,31,Saturday,86,tfl_21-R68-_-y05-58885.xml
VJ_21-R68-_-y05-58885-105-Sa,PK0001815:15,ABLO:PK0001815:15:R68,JP_21-R68-_-y05-58885-61-O-2,10:07:00,33,Saturday,87,tfl_21-R68-_-y05-58885.xml
VJ_21-R68-_-y05-58885-106-Sa,PK0001815:15,ABLO:PK0001815:15:R68,JP_21-R68-_-y05-58885-61-O-2,10:21:00,35,Saturday,88,tfl_21-R68-_-y05-58885.xml
VJ_21-R68-_-y05-58885-107-Sa,PK0001815:15,ABLO:PK0001815:15:R68,JP_21-R68-_-y05-58885-61-O-2,10:36:00,37,Saturday,89,tfl_21-R68-_-y05-58885.xml
VJ_21-R68-_-y05-58885-108-Sa,PK0001815:15,ABLO:PK0001815:15:R68,JP_21-R68-_-y05-58885-68-O-2,18:37:00,97,Saturday,119,tfl_21-R68-_-y05-58885.xml
VJ_21-R68-_-y05-58885-109-Sa,PK0001815:15,ABLO:PK0001815:15:R68,JP_21-R68-_-y05-58885-69-O-2,18:20:00,95,Saturday,118,tfl_21-R68-_-y05-58885.xml
VJ_21-R68-_-y05-58885-110-Sa,PK0001815:15,ABLO:PK0001815:15:R68,JP_21-R68-_-y05-58885-70-O-2,17:48:00,91,Saturday,116,tfl_21-R68-_-y05-58885.xml
VJ_21-R68-_-y05-58885-111-Sa,PK0001815:15,ABLO:PK0001815:15:R68,JP_21-R68-_-y05-58885-70-O-2,18:04:00,93,Saturday,117,tfl_21-R68-_-y05-58885.xml
VJ_21-R68-_-y05-58885-112-Sa,PK0001815:15,ABLO:PK0001815:15:R68,JP_21-R68-_-y05-58885-71-O-2,17:32:00,89,Saturday,115,tfl_21-R68-_-y05-58885.xml
VJ_21-R68-_-y05-58885-113-Sa,PK0001815:15,ABLO:PK0001815:15:R68,JP_21-R68-_-y05-58885-72-O-2,17:16:00,87,Saturday,114,tfl_21-R68-_-y05-58885.xml
VJ_21-R68-_-y05-58885-114-Sa,PK0001815:15,ABLO:PK0001815:15:R68,JP_21-R68-_-y05-58885-73-O-2,17:00:00,85,Saturday,113,tfl_21-R68-_-y05-58885.xml
VJ_21-R68-_-y05-58885-115-Sa,PK0001815:15,ABLO:PK0001815:15:R68,JP_21-R68-_-y05-58885-74-O-2,10:52:00,39,Saturday,90,tfl_21-R68-_-y05-58885.xml
VJ_21-R68-_-y05-58885-116-Sa,PK0001815:15,ABLO:PK0001815:15:R68,JP_21-R68-_-y05-58885-87-O-2,11:08:00,41,Saturday,91,tfl_21-R68-_-y05-58885.xml
VJ_21-R68-_-y05-58885-117-Sa,PK0001815:15,ABLO:PK0001815:15:R68,JP_21-R68-_-y05-58885-87-O-2,11:24:00,43,Saturday,92,tfl_21-R68-_-y05-58885.xml
VJ_21-R68-_-y05-58885-118-Sa,PK0001815:15,ABLO:PK0001815:15:R68,JP_21-R68-_-y05-58885-88-O-2,16:28:00,81,Saturday,111,tfl_21-R68-_-y05-58885.xml
VJ_21-R68-_-y05-58885-119-Sa,PK0001815:15,ABLO:PK0001815:15:R68,JP_21-R68-_-y05-58885-88-O-2,16:44:00,83,Saturday,112,tfl_21-R68-_-y05-58885.xml
VJ_21-R68-_-y05-58885-120-Sa,PK0001815:15,ABLO:PK0001815:15:R68,JP_21-R68-_-y05-58885-89-O-2,14:04:00,63,Saturday,102,tfl_21-R68-_-y05-58885.xml
VJ_21-R68-_-y05-58885-121-Sa,PK0001815:15,ABLO:PK0001815:15:R68,JP_21-R68-_-y05-58885-89-O-2,16:12:00,79,Saturday,110,tfl_21-R68-_-y05-58885.xml
VJ_21-R68-_-y05-58885-122-Sa,PK0001815:15,ABLO:PK0001815:15:R68,JP_21-R68-_-y05-58885-90-O-2,13:00:00,55,Saturday,98,tfl_21-R68-_-y05-58885.xml
VJ_21-R68-_-y05-58885-123-Sa,PK0001815:15,ABLO:PK0001815:15:R68,JP_21-R68-_-y05-58885-90-O-2,13:16:00,57,Saturday,99,tfl_21-R68-_-y05-58885.xml
VJ_21-R68-_-y05-58885-124-Sa,PK0001815:15,ABLO:PK0001815:15:R68,JP_21-R68-_-y05-58885-90-O-2,13:32:00,59,Saturday,100,tfl_21-R68-_-y05-58885.xml
VJ_21-R68-_-y05-58885-125-Sa,PK0001815:15,ABLO:PK0001815:15:R68,JP_21-R68-_-y05-58885-90-O-2,13:48:00,61,Saturday,101,tfl_21-R68-_-y05-58885.xml
VJ_21-R68-_-y05-58885-126-Sa,PK0001815:15,ABLO:PK0001815:15:R68,JP_21-R68-_-y05-58885-91-O-2,12:12:00,49,Saturday,95,tfl_21-R68-_-y05-58885.xml
VJ_21-R68-_-y05-58885-127-Sa,PK0001815:15,ABLO:PK0001815:15:R68,JP_21-R68-_-y05-58885-91-O-2,12:28:00,51,Saturday,96,tfl_21-R68-_-y05-58885.xml
VJ_21-R68-_-y05-58885-128-Sa,PK0001815:15,ABLO:PK0001815:15:R68,JP_21-R68-_-y05-58885-91-O-2,12:44:00,53,Saturday,97,tfl_21-R68-_-y05-58885.xml
VJ_21-R68-_-y05-58885-129-Sa,PK0001815:15,ABLO:PK0001815:15:R68,JP_21-R68-_-y05-58885-92-O-2,11:40:00,45,Saturday,93,tfl_21-R68-_-y05-58885.xml
VJ_21-R68-_-y05-58885-130-Sa,PK0001815:15,ABLO:PK0001815:15:R68,JP_21-R68-_-y05-58885-92-O-2,11:56:00,47,Saturday,94,tfl_21-R68-_-y05-58885.xml
VJ_21-R68-_-y05-58885-131-Sa,PK0001815:15,ABLO:PK0001815:15:R68,JP_21-R68-_-y05-58885-93-O-2,14:20:00,65,Saturday,103,tfl_21-R68-_-y05-58885.xml
VJ_21-R68-_-y05-58885-132-Sa,PK0001815:15,ABLO:PK0001815:15:R68,JP_21-R68-_-y05-58885-93-O-2,14:36:00,67,Saturday,104,tfl_21-R68-_-y05-58885.xml
VJ_21-R68-_-y05-58885-133-Sa,PK0001815:15,ABLO:PK0001815:15:R68,JP_21-R68-_-y05-58885-93-O-2,14:52:00,69,Saturday,105,tfl_21-R68-_-y05-58885.xml
VJ_21-R68-_-y05-58885-134-Sa,PK0001815:15,ABLO:PK0001815:15:R68,JP_21-R68-_-y05-58885-93-O-2,15:08:00,71,Saturday,106,tfl_21-R68-_-y05-58885.xml
VJ_21-R68-_-y05-58885-135-Sa,PK0001815:15,ABLO:PK0001815:15:R68,JP_21-R68-_-y05-58885-93-O-2,15:24:00,73,Saturday,107,tfl_21-R68-_-y05-58885.xml
VJ_21-R68-_-y05-58885-136-Sa,PK0001815:15,ABLO:PK0001815:15:R68,JP_21-R68-_-y05-58885-93-O-2,15:40:00,75,Saturday,108,tfl_21-R68-_-y05-58885.xml
VJ_21-R68-_-y05-58885-137-Sa,PK0001815:15,ABLO:PK0001815:15:R68,JP_21-R68-_-y05-58885-93-O-2,15:56:00,77,Saturday,109,tfl_21-R68-_-y05-58885.xml
VJ_21-R68-_-y05-58885-1-Su,PK0001815:15,ABLO:PK0001815:15:R68,JP_21-R68-_-y05-58885-1-I-1,06:05:00,2,Sunday,344,tfl_21-R68-_-y05-58885.xml
VJ_21-R68-_-y05-58885-2-Su,PK0001815:15,ABLO:PK0001815:15:R68,JP_21-R68-_-y05-58885-1-I-1,06:35:00,4,Sunday,345,tfl_21-R68-_-y05-58885.xml
VJ_21-R68-_-y05-58885-3-Su,PK0001815:15,ABLO:PK0001815:15:R68,JP_21-R68-_-y05-58885-1-I-1,06:55:00,6,Sunday,346,tfl_21-R68-_-y05-58885.xml
VJ_21-R68-_-y05-58885-4-Su,PK0001815:15,ABLO:PK0001815:15:R68,JP_21-R68-_-y05-58885-1-I-1,07:15:00,8,Sunday,347,tfl_21-R68-_-y05-58885.xml
VJ_21-R68-_-y05-58885-5-Su,PK0001815:15,ABLO:PK0001815:15:R68,JP_21-R68-_-y05-58885-1-I-1,22:40:00,118,Sunday,402,tfl_21-R68-_-y05-58885.xml
VJ_21-R68-_-y05-58885-6-Su,PK0001815:15,ABLO:PK0001815:15:R68,JP_21-R68-_-y05-58885-2-I-1,07:35:00,10,Sunday,348,tfl_21-R68-_-y05-58885.xml
VJ_21-R68-_-y05-58885-7-Su,PK0001815:15,ABLO:PK0001815:15:R68,JP_21-R68-_-y05-58885-3-I-1,22:00:00,114,Sunday,400,tfl_21-R68-_-y05-58885.xml
VJ_21-R68-_-y05-58885-8-Su,PK0001815:15,ABLO:PK0001815:15:R68,JP_21-R68-_-y05-58885-3-I-1,22:20:00,116,Sunday,401,tfl_21-R68-_-y05-58885.xml
VJ_21-R68-_-y05-58885-9-Su,PK0001815:15,ABLO:PK0001815:15:R68,JP_21-R68-_-y05-58885-4-I-1,07:55:00,12,Sunday,349,tfl_21-R68-_-y05-58885.xml
VJ_21-R68-_-y05-58885-10-Su,PK0001815:15,ABLO:PK0001815:15:R68,JP_21-R68-_-y05-58885-6-I-1,23:00:00,120,Sunday,403,tfl_21-R68-_-y05-58885.xml
VJ_21-R68-_-y05-58885-11-Su,PK0001815:15,ABLO:PK0001815:15:R68,JP_21-R68-_-y05-58885-6-I-1,23:20:00,122,Sunday,404,tfl_21-R68-_-y05-58885.xml
VJ_21-R68-_-y05-58885-12-Su,PK0001815:15,ABLO:PK0001815:15:R68,JP_21-R68-_-y05-58885-6-I-1,23:40:00,124,Sunday,405,tfl_21-R68-_-y05-58885.xml
VJ_21-R68-_-y05-58885-13-Su,PK0001815:15,ABLO:PK0001815:15:R68,JP_21-R68-_-y05-58885-6-I-1,00:00:00,126,Sunday,406,tfl_21-R68-_-y05-58885.xml
VJ_21-R68-_-y05-58885-14-Su,PK0001815:15,ABLO:PK0001815:15:R68,JP_21-R68-_-y05-58885-6-I-1,00:20:00,128,Sunday,407,tfl_21-R68-_-y05-58885.xml
VJ_21-R68-_-y05-58885-15-Su,PK0001815:15,ABLO:PK0001815:15:R68,JP_21-R68-_-y05-58885-7-I-1,21:00:00,108,Sunday,397,tfl_21-R68-_-y05-58885.xml
VJ_21-R68-_-y05-58885-16-Su,PK0001815:15,ABLO:PK0001815:15:R68,JP_21-R68-_-y05-58885-7-I-1,21:20:00,110,Sunday,398,tfl_21-R68-_-y05-58885.xml
VJ_21-R68-_-y05-58885-17-Su,PK0001815:15,ABLO:PK0001815:15:R68,JP_21-R68-_-y05-58885-7-I-1,21:40:00,112,Sunday,399,tfl_21-R68-_-y05-58885.xml
VJ_21-R68-_-y05-58885-20-Su,PK0001815:15,ABLO:PK0001815:15:R68,JP_21-R68-_-y05-58885-10-I-1,20:40:00,106,Sunday,396,tfl_21-R68-_-y05-58885.xml
VJ_21-R68-_-y05-58885-21-Su,PK0001815:15,ABLO:PK0001815:15:R68,JP_21-R68-_-y05-58885-11-I-1,20:00:00,102,Sunday,394,tfl_21-R68-_-y05-58885.xml
VJ_21-R68-_-y05-58885-22-Su,PK0001815:15,ABLO:PK0001815:15:R68,JP_21-R68-_-y05-58885-11-I-1,20:20:00,104,Sunday,395,tfl_21-R68-_-y05-58885.xml
VJ_21-R68-_-y05-58885-29-Su,PK0001815:15,ABLO:PK0001815:15:R68,JP_21-R68-_-y05-58885-14-I-1,08:15:00,14,Sunday,350,tfl_21-R68-_-y05-58885.xml
VJ_21-R68-_-y05-58885-30-Su,PK0001815:15,ABLO:PK0001815:15:R68,JP_21-R68-_-y05-58885-14-I-1,08:35:00,16,Sunday,351,tfl_21-R68-_-y05-58885.xml
VJ_21-R68-_-y05-58885-34-Su,PK0001815:15,ABLO:PK0001815:15:R68,JP_21-R68-_-y05-58885-17-I-1,08:50:00,18,Sunday,352,tfl_21-R68-_-y05-58885.xml
VJ_21-R68-_-y05-58885-38-Su,PK0001815:15,ABLO:PK0001815:15:R68,JP_21-R68-_-y05-58885-21-I-1,19:40:00,100,Sunday,393,tfl_21-R68-_-y05-58885.xml
VJ_21-R68-_-y05-58885-39-Su,PK0001815:15,ABLO:PK0001815:15:R68,JP_21-R68-_-y05-58885-22-I-1,18:44:00,94,Sunday,390,tfl_21-R68-_-y05-58885.xml
VJ_21-R68-_-y05-58885-40-Su,PK0001815:15,ABLO:PK0001815:15:R68,JP_21-R68-_-y05-58885-22-I-1,19:00:00,96,Sunday,391,tfl_21-R68-_-y05-58885.xml
VJ_21-R68-_-y05-58885-41-Su,PK0001815:15,ABLO:PK0001815:15:R68,JP_21-R68-_-y05-58885-22-I-1,19:20:00,98,Sunday,392,tfl_21-R68-_-y05-58885.xml
VJ_21-R68-_-y05-58885-42-Su,PK0001815:15,ABLO:PK0001815:15:R68,JP_21-R68-_-y05-58885-23-I-1,18:28:00,92,Sunday,389,tfl_21-R68-_-y05-58885.xml
VJ_21-R68-_-y05-58885-43-Su,PK0001815:15,ABLO:PK0001815:15:R68,JP_21-R68-_-y05-58885-24-I-1,18:12:00,90,Sunday,388,tfl_21-R68-_-y05-58885.xml
VJ_21-R68-_-y05-58885-45-Su,PK0001815:15,ABLO:PK0001815:15:R68,JP_21-R68-_-y05-58885-29-I-1,09:05:00,20,Sunday,353,tfl_21-R68-_-y05-58885.xml
VJ_21-R68-_-y05-58885-46-Su,PK0001815:15,ABLO:PK0001815:15:R68,JP_21-R68-_-y05-58885-29-I-1,09:20:00,22,Sunday,354,tfl_21-R68-_-y05-58885.xml
VJ_21-R68-_-y05-58885-47-Su,PK0001815:15,ABLO:PK0001815:15:R68,JP_21-R68-_-y05-58885-30-I-1,09:35:00,24,Sunday,355,tfl_21-R68-_-y05-58885.xml
VJ_21-R68-_-y05-58885-48-Su,PK0001815:15,ABLO:PK0001815:15:R68,JP_21-R68-_-y05-58885-32-I-1,09:50:00,26,Sunday,356,tfl_21-R68-_-y05-58885.xml
VJ_21-R68-_-y05-58885-49-Su,PK0001815:15,ABLO:PK0001815:15:R68,JP_21-R68-_-y05-58885-33-I-1,17:56:00,88,Sunday,387,tfl_21-R68-_-y05-58885.xml
VJ_21-R68-_-y05-58885-51-Su,PK0001815:15,ABLO:PK0001815:15:R68,JP_21-R68-_-y05-58885-35-I-1,17:40:00,86,Sunday,386,tfl_21-R68-_-y05-58885.xml
VJ_21-R68-_-y05-58885-56-Su,PK0001815:15,ABLO:PK0001815:15:R68,JP_21-R68-_-y05-58885-39-I-1,17:24:00,84,Sunday,385,tfl_21-R68-_-y05-58885.xml
VJ_21-R68-_-y05-58885-57-Su,PK0001815:15,ABLO:PK0001815:15:R68,JP_21-R68-_-y05-58885-40-I-1,17:08:00,82,Sunday,384,tfl_21-R68-_-y05-58885.xml
VJ_21-R68-_-y05-58885-59-Su,PK0001815:15,ABLO:PK0001815:15:R68,JP_21-R68-_-y05-58885-43-I-1,10:05:00,28,Sunday,357,tfl_21-R68-_-y05-58885.xml
VJ_21-R68-_-y05-58885-60-Su,PK0001815:15,ABLO:PK0001815:15:R68,JP_21-R68-_-y05-58885-44-I-1,10:18:00,30,Sunday,358,tfl_21-R68-_-y05-58885.xml
VJ_21-R68-_-y05-58885-61-Su,PK0001815:15,ABLO:PK0001815:15:R68,JP_21-R68-_-y05-58885-45-I-1,10:31:00,32,Sunday,359,tfl_21-R68-_-y05-58885.xml
VJ_21-R68-_-y05-58885-62-Su,PK0001815:15,ABLO:PK0001815:15:R68,JP_21-R68-_-y05-58885-45-I-1,10:44:00,34,Sunday,360,tfl_21-R68-_-y05-58885.xml
VJ_21-R68-_-y05-58885-63-Su,PK0001815:15,ABLO:PK0001815:15:R68,JP_21-R68-_-y05-58885-45-I-1,11:00:00,36,Sunday,361,tfl_21-R68-_-y05-58885.xml
VJ_21-R68-_-y05-58885-64-Su,PK0001815:15,ABLO:PK0001815:15:R68,JP_21-R68-_-y05-58885-45-I-1,11:16:00,38,Sunday,362,tfl_21-R68-_-y05-58885.xml
VJ_21-R68-_-y05-58885-65-Su,PK0001815:15,ABLO:PK0001815:15:R68,JP_21-R68-_-y05-58885-46-I-1,11:32:00,40,Sunday,363,tfl_21-R68-_-y05-58885.xml
VJ_21-R68-_-y05-58885-66-Su,PK0001815:15,ABLO:PK0001815:15:R68,JP_21-R68-_-y05-58885-48-I-1,11:48:00,42,Sunday,364,tfl_21-R68-_-y05-58885.xml
VJ_21-R68-_-y05-58885-71-Su,PK0001815:15,ABLO:PK0001815:15:R68,JP_21-R68-_-y05-58885-57-I-1,16:36:00,78,Sunday,382,tfl_21-R68-_-y05-58885.xml
VJ_21-R68-_-y05-58885-72-Su,PK0001815:15,ABLO:PK0001815:15:R68,JP_21-R68-_-y05-58885-57-I-1,16:52:00,80,Sunday,383,tfl_21-R68-_-y05-58885.xml
VJ_21-R68-_-y05-58885-73-Su,PK0001815:15,ABLO:PK0001815:15:R68,JP_21-R68-_-y05-58885-58-I-1,16:20:00,76,Sunday,381,tfl_21-R68-_-y05-58885.xml
VJ_21-R68-_-y05-58885-74-Su,PK0001815:15,ABLO:PK0001815:15:R68,JP_21-R68-_-y05-58885-59-I-1,15:48:00,72,Sunday,379,tfl_21-R68-_-y05-58885.xml
VJ_21-R68-_-y05-58885-75-Su,PK0001815:15,ABLO:PK0001815:15:R68,JP_21-R68-_-y05-58885-59-I-1,16:04:00,74,Sunday,380,tfl_21-R68-_-y05-58885.xml
VJ_21-R68-_-y05-58885-76-Su,PK0001815:15,ABLO:PK0001815:15:R68,JP_21-R68-_-y05-58885-60-I-1,15:32:00,70,Sunday,378,tfl_21-R68-_-y05-58885.xml
VJ_21-R68-_-y05-58885-77-Su,PK0001815:15,ABLO:PK0001815:15:R68,JP_21-R68-_-y05-58885-61-I-1,15:16:00,68,Sunday,377,tfl_21-R68-_-y05-58885.xml
VJ_21-R68-_-y05-58885-78-Su,PK0001815:15,ABLO:PK0001815:15:R68,JP_21-R68-_-y05-58885-62-I-1,13:56:00,58,Sunday,372,tfl_21-R68-_-y05-58885.xml
VJ_21-R68-_-y05-58885-79-Su,PK0001815:15,ABLO:PK0001815:15:R68,JP_21-R68-_-y05-58885-62-I-1,14:12:00,60,Sunday,373,tfl_21-R68-_-y05-58885.xml
VJ_21-R68-_-y05-58885-80-Su,PK0001815:15,ABLO:PK0001815:15:R68,JP_21-R68-_-y05-58885-62-I-1,14:28:00,62,Sunday,374,tfl_21-R68-_-y05-58885.xml
VJ_21-R68-_-y05-58885-81-Su,PK0001815:15,ABLO:PK0001815:15:R68,JP_21-R68-_-y05-58885-62-I-1,14:44:00,64,Sunday,375,tfl_21-R68-_-y05-58885.xml
VJ_21-R68-_-y05-58885-82-Su,PK0001815:15,ABLO:PK0001815:15:R68,JP_21-R68-_-y05-58885-62-I-1,15:00:00,66,Sunday,376,tfl_21-R68-_-y05-58885.xml
VJ_21-R68-_-y05-58885-83-Su,PK0001815:15,ABLO:PK0001815:15:R68,JP_21-R68-_-y05-58885-64-I-1,12:52:00,50,Sunday,368,tfl_21-R68-_-y05-58885.xml
VJ_21-R68-_-y05-58885-84-Su,PK0001815:15,ABLO:PK0001815:15:R68,JP_21-R68-_-y05-58885-64-I-1,13:08:00,52,Sunday,369,tfl_21-R68-_-y05-58885.xml
VJ_21-R68-_-y05-58885-85-Su,PK0001815:15,ABLO:PK0001815:15:R68,JP_21-R68-_-y05-58885-64-I-1,13:24:00,54,Sunday,370,tfl_21-R68-_-y05-58885.xml
VJ_21-R68-_-y05-58885-86-Su,PK0001815:15,ABLO:PK0001815:15:R68,JP_21-R68-_-y05-58885-65-I-1,13:40:00,56,Sunday,371,tfl_21-R68-_-y05-58885.xml
VJ_21-R68-_-y05-58885-87-Su,PK0001815:15,ABLO:PK0001815:15:R68,JP_21-R68-_-y05-58885-68-I-1,12:04:00,44,Sunday,365,tfl_21-R68-_-y05-58885.xml
VJ_21-R68-_-y05-58885-88-Su,PK0001815:15,ABLO:PK0001815:15:R68,JP_21-R68-_-y05-58885-68-I-1,12:20:00,46,Sunday,366,tfl_21-R68-_-y05-58885.xml
VJ_21-R68-_-y05-58885-89-Su,PK0001815:15,ABLO:PK0001815:15:R68,JP_21-R68-_-y05-58885-69-I-1,12:36:00,48,Sunday,367,tfl_21-R68-_-y05-58885.xml
VJ_21-R68-_-y05-58885-135-Su,PK0001815:15,ABLO:PK0001815:15:R68,JP_21-R68-_-y05-58885-2-O-2,06:40:00,1,Sunday,140,tfl_21-R68-_-y05-58885.xml
VJ_21-R68-_-y05-58885-136-Su,PK0001815:15,ABLO:PK0001815:15:R68,JP_21-R68-_-y05-58885-4-O-2,07:00:00,3,Sunday,141,tfl_21-R68-_-y05-58885.xml
VJ_21-R68-_-y05-58885-137-Su,PK0001815:15,ABLO:PK0001815:15:R68,JP_21-R68-_-y05-58885-4-O-2,07:20:00,5,Sunday,142,tfl_21-R68-_-y05-58885.xml
VJ_21-R68-_-y05-58885-138-Su,PK0001815:15,ABLO:PK0001815:15:R68,JP_21-R68-_-y05-58885-5-O-2,07:40:00,7,Sunday,143,tfl_21-R68-_-y05-58885.xml
VJ_21-R68-_-y05-58885-139-Su,PK0001815:15,ABLO:PK0001815:15:R68,JP_21-R68-_-y05-58885-5-O-2,22:50:00,117,Sunday,198,tfl_21-R68-_-y05-58885.xml
VJ_21-R68-_-y05-58885-140-Su,PK0001815:15,ABLO:PK0001815:15:R68,JP_21-R68-_-y05-58885-5-O-2,23:10:00,119,Sunday,199,tfl_21-R68-_-y05-58885.xml
VJ_21-R68-_-y05-58885-141-Su,PK0001815:15,ABLO:PK0001815:15:R68,JP_21-R68-_-y05-58885-5-O-2,23:30:00,121,Sunday,200,tfl_21-R68-_-y05-58885.xml
VJ_21-R68-_-y05-58885-142-Su,PK0001815:15,ABLO:PK0001815:15:R68,JP_21-R68-_-y05-58885-5-O-2,23:50:00,123,Sunday,201,tfl_21-R68-_-y05-58885.xml
VJ_21-R68-_-y05-58885-143-Su,PK0001815:15,ABLO:PK0001815:15:R68,JP_21-R68-_-y05-58885-5-O-2,00:10:00,125,Sunday,202,tfl_21-R68-_-y05-58885.xml
VJ_21-R68-_-y05-58885-144-Su,PK0001815:15,ABLO:PK0001815:15:R68,JP_21-R68-_-y05-58885-5-O-2,00:30:00,127,Sunday,203,tfl_21-R68-_-y05-58885.xml
VJ_21-R68-_-y05-58885-145-Su,PK0001815:15,ABLO:PK0001815:15:R68,JP_21-R68-_-y05-58885-5-O-2,00:50:00,129,Sunday,204,tfl_21-R68-_-y05-58885.xml
VJ_21-R68-_-y05-58885-146-Su,PK0001815:15,ABLO:PK0001815:15:R68,JP_21-R68-_-y05-58885-5-O-2,01:10:00,131,Sunday,205,tfl_21-R68-_-y05-58885.xml
VJ_21-R68-_-y05-58885-147-Su,PK0001815:15,ABLO:PK0001815:15:R68,JP_21-R68-_-y05-58885-6-O-2,21:50:00,111,Sunday,195,tfl_21-R68-_-y05-58885.xml
VJ_21-R68-_-y05-58885-148-Su,PK0001815:15,ABLO:PK0001815:15:R68,JP_21-R68-_-y05-58885-6-O-2,22:10:00,113,Sunday,196,tfl_21-R68-_-y05-58885.xml
VJ_21-R68-_-y05-58885-149-Su,PK0001815:15,ABLO:PK0001815:15:R68,JP_21-R68-_-y05-58885-6-O-2,22:30:00,115,Sunday,197,tfl_21-R68-_-y05-58885.xml
VJ_21-R68-_-y05-58885-150-Su,PK0001815:15,ABLO:PK0001815:15:R68,JP_21-R68-_-y05-58885-7-O-2,08:00:00,9,Sunday,144,tfl_21-R68-_-y05-58885.xml
VJ_21-R68-_-y05-58885-151-Su,PK0001815:15,ABLO:PK0001815:15:R68,JP_21-R68-_-y05-58885-7-O-2,08:15:00,11,Sunday,145,tfl_21-R68-_-y05-58885.xml
VJ_21-R68-_-y05-58885-152-Su,PK0001815:15,ABLO:PK0001815:15:R68,JP_21-R68-_-y05-58885-8-O-2,08:30:00,13,Sunday,146,tfl_21-R68-_-y05-58885.xml
VJ_21-R68-_-y05-58885-153-Su,PK0001815:15,ABLO:PK0001815:15:R68,JP_21-R68-_-y05-58885-9-O-2,21:10:00,107,Sunday,193,tfl_21-R68-_-y05-58885.xml
VJ_21-R68-_-y05-58885-154-Su,PK0001815:15,ABLO:PK0001815:15:R68,JP_21-R68-_-y05-58885-9-O-2,21:30:00,109,Sunday,194,tfl_21-R68-_-y05-58885.xml
VJ_21-R68-_-y05-58885-155-Su,PK0001815:15,ABLO:PK0001815:15:R68,JP_21-R68-_-y05-58885-10-O-2,08:45:00,15,Sunday,147,tfl_21-R68-_-y05-58885.xml
VJ_21-R68-_-y05-58885-164-Su,PK0001815:15,ABLO:PK0001815:15:R68,JP_21-R68-_-y05-58885-13-O-2,20:30:00,103,Sunday,191,tfl_21-R68-_-y05-58885.xml
VJ_21-R68-_-y05-58885-165-Su,PK0001815:15,ABLO:PK0001815:15:R68,JP_21-R68-_-y05-58885-13-O-2,20:50:00,105,Sunday,192,tfl_21-R68-_-y05-58885.xml
VJ_21-R68-_-y05-58885-166-Su,PK0001815:15,ABLO:PK0001815:15:R68,JP_21-R68-_-y05-58885-14-O-2,20:10:00,101,Sunday,190,tfl_21-R68-_-y05-58885.xml
VJ_21-R68-_-y05-58885-179-Su,PK0001815:15,ABLO:PK0001815:15:R68,JP_21-R68-_-y05-58885-31-O-2,09:00:00,17,Sunday,148,tfl_21-R68-_-y05-58885.xml
VJ_21-R68-_-y05-58885-180-Su,PK0001815:15,ABLO:PK0001815:15:R68,JP_21-R68-_-y05-58885-31-O-2,09:15:00,19,Sunday,149,tfl_21-R68-_-y05-58885.xml
VJ_21-R68-_-y05-58885-181-Su,PK0001815:15,ABLO:PK0001815:15:R68,JP_21-R68-_-y05-58885-32-O-2,09:30:00,21,Sunday,150,tfl_21-R68-_-y05-58885.xml
VJ_21-R68-_-y05-58885-182-Su,PK0001815:15,ABLO:PK0001815:15:R68,JP_21-R68-_-y05-58885-33-O-2,09:43:00,23,Sunday,151,tfl_21-R68-_-y05-58885.xml
VJ_21-R68-_-y05-58885-183-Su,PK0001815:15,ABLO:PK0001815:15:R68,JP_21-R68-_-y05-58885-36-O-2,09:56:00,25,Sunday,152,tfl_21-R68-_-y05-58885.xml
VJ_21-R68-_-y05-58885-185-Su,PK0001815:15,ABLO:PK0001815:15:R68,JP_21-R68-_-y05-58885-39-O-2,19:50:00,99,Sunday,189,tfl_21-R68-_-y05-58885.xml
VJ_21-R68-_-y05-58885-186-Su,PK0001815:15,ABLO:PK0001815:15:R68,JP_21-R68-_-y05-58885-40-O-2,19:30:00,97,Sunday,188,tfl_21-R68-_-y05-58885.xml
VJ_21-R68-_-y05-58885-187-Su,PK0001815:15,ABLO:PK0001815:15:R68,JP_21-R68-_-y05-58885-41-O-2,18:50:00,93,Sunday,186,tfl_21-R68-_-y05-58885.xml
VJ_21-R68-_-y05-58885-188-Su,PK0001815:15,ABLO:PK0001815:15:R68,JP_21-R68-_-y05-58885-41-O-2,19:10:00,95,Sunday,187,tfl_21-R68-_-y05-58885.xml
VJ_21-R68-_-y05-58885-190-Su,PK0001815:15,ABLO:PK0001815:15:R68,JP_21-R68-_-y05-58885-43-O-2,17:30:00,83,Sunday,181,tfl_21-R68-_-y05-58885.xml
VJ_21-R68-_-y05-58885-191-Su,PK0001815:15,ABLO:PK0001815:15:R68,JP_21-R68-_-y05-58885-43-O-2,17:46:00,85,Sunday,182,tfl_21-R68-_-y05-58885.xml
VJ_21-R68-_-y05-58885-192-Su,PK0001815:15,ABLO:PK0001815:15:R68,JP_21-R68-_-y05-58885-43-O-2,18:02:00,87,Sunday,183,tfl_21-R68-_-y05-58885.xml
VJ_21-R68-_-y05-58885-193-Su,PK0001815:15,ABLO:PK0001815:15:R68,JP_21-R68-_-y05-58885-43-O-2,18:18:00,89,Sunday,184,tfl_21-R68-_-y05-58885.xml
VJ_21-R68-_-y05-58885-194-Su,PK0001815:15,ABLO:PK0001815:15:R68,JP_21-R68-_-y05-58885-43-O-2,18:34:00,91,Sunday,185,tfl_21-R68-_-y05-58885.xml
VJ_21-R68-_-y05-58885-195-Su,PK0001815:15,ABLO:PK0001815:15:R68,JP_21-R68-_-y05-58885-44-O-2,17:14:00,81,Sunday,180,tfl_21-R68-_-y05-58885.xml
VJ_21-R68-_-y05-58885-196-Su,PK0001815:15,ABLO:PK0001815:15:R68,JP_21-R68-_-y05-58885-45-O-2,16:58:00,79,Sunday,179,tfl_21-R68-_-y05-58885.xml
VJ_21-R68-_-y05-58885-197-Su,PK0001815:15,ABLO:PK0001815:15:R68,JP_21-R68-_-y05-58885-48-O-2,10:10:00,27,Sunday,153,tfl_21-R68-_-y05-58885.xml
VJ_21-R68-_-y05-58885-198-Su,PK0001815:15,ABLO:PK0001815:15:R68,JP_21-R68-_-y05-58885-49-O-2,10:24:00,29,Sunday,154,tfl_21-R68-_-y05-58885.xml
VJ_21-R68-_-y05-58885-199-Su,PK0001815:15,ABLO:PK0001815:15:R68,JP_21-R68-_-y05-58885-50-O-2,10:39:00,31,Sunday,155,tfl_21-R68-_-y05-58885.xml
VJ_21-R68-_-y05-58885-200-Su,PK0001815:15,ABLO:PK0001815:15:R68,JP_21-R68-_-y05-58885-50-O-2,10:55:00,33,Sunday,156,tfl_21-R68-_-y05-58885.xml
VJ_21-R68-_-y05-58885-201-Su,PK0001815:15,ABLO:PK0001815:15:R68,JP_21-R68-_-y05-58885-51-O-2,11:10:00,35,Sunday,157,tfl_21-R68-_-y05-58885.xml
VJ_21-R68-_-y05-58885-202-Su,PK0001815:15,ABLO:PK0001815:15:R68,JP_21-R68-_-y05-58885-52-O-2,11:25:00,37,Sunday,158,tfl_21-R68-_-y05-58885.xml
VJ_21-R68-_-y05-58885-203-Su,PK0001815:15,ABLO:PK0001815:15:R68,JP_21-R68-_-y05-58885-52-O-2,11:41:00,39,Sunday,159,tfl_21-R68-_-y05-58885.xml
VJ_21-R68-_-y05-58885-204-Su,PK0001815:15,ABLO:PK0001815:15:R68,JP_21-R68-_-y05-58885-53-O-2,15:54:00,71,Sunday,175,tfl_21-R68-_-y05-58885.xml
VJ_21-R68-_-y05-58885-205-Su,PK0001815:15,ABLO:PK0001815:15:R68,JP_21-R68-_-y05-58885-53-O-2,16:10:00,73,Sunday,176,tfl_21-R68-_-y05-58885.xml
VJ_21-R68-_-y05-58885-206-Su,PK0001815:15,ABLO:PK0001815:15:R68,JP_21-R68-_-y05-58885-53-O-2,16:26:00,75,Sunday,177,tfl_21-R68-_-y05-58885.xml
VJ_21-R68-_-y05-58885-207-Su,PK0001815:15,ABLO:PK0001815:15:R68,JP_21-R68-_-y05-58885-53-O-2,16:42:00,77,Sunday,178,tfl_21-R68-_-y05-58885.xml
VJ_21-R68-_-y05-58885-211-Su,PK0001815:15,ABLO:PK0001815:15:R68,JP_21-R68-_-y05-58885-62-O-2,15:38:00,69,Sunday,174,tfl_21-R68-_-y05-58885.xml
VJ_21-R68-_-y05-58885-212-Su,PK0001815:15,ABLO:PK0001815:15:R68,JP_21-R68-_-y05-58885-63-O-2,14:18:00,59,Sunday,169,tfl_21-R68-_-y05-58885.xml
VJ_21-R68-_-y05-58885-213-Su,PK0001815:15,ABLO:PK0001815:15:R68,JP_21-R68-_-y05-58885-63-O-2,14:34:00,61,Sunday,170,tfl_21-R68-_-y05-58885.xml
VJ_21-R68-_-y05-58885-214-Su,PK0001815:15,ABLO:PK0001815:15:R68,JP_21-R68-_-y05-58885-63-O-2,14:50:00,63,Sunday,171,tfl_21-R68-_-y05-58885.xml
VJ_21-R68-_-y05-58885-215-Su,PK0001815:15,ABLO:PK0001815:15:R68,JP_21-R68-_-y05-58885-63-O-2,15:06:00,65,Sunday,172,tfl_21-R68-_-y05-58885.xml
VJ_21-R68-_-y05-58885-216-Su,PK0001815:15,ABLO:PK0001815:15:R68,JP_21-R68-_-y05-58885-63-O-2,15:22:00,67,Sunday,173,tfl_21-R68-_-y05-58885.xml
VJ_21-R68-_-y05-58885-217-Su,PK0001815:15,ABLO:PK0001815:15:R68,JP_21-R68-_-y05-58885-64-O-2,13:30:00,53,Sunday,166,tfl_21-R68-_-y05-58885.xml
VJ_21-R68-_-y05-58885-218-Su,PK0001815:15,ABLO:PK0001815:15:R68,JP_21-R68-_-y05-58885-64-O-2,13:46:00,55,Sunday,167,tfl_21-R68-_-y05-58885.xml
VJ_21-R68-_-y05-58885-219-Su,PK0001815:15,ABLO:PK0001815:15:R68,JP_21-R68-_-y05-58885-64-O-2,14:02:00,57,Sunday,168,tfl_21-R68-_-y05-58885.xml
VJ_21-R68-_-y05-58885-220-Su,PK0001815:15,ABLO:PK0001815:15:R68,JP_21-R68-_-y05-58885-65-O-2,13:14:00,51,Sunday,165,tfl_21-R68-_-y05-58885.xml
VJ_21-R68-_-y05-58885-221-Su,PK0001815:15,ABLO:PK0001815:15:R68,JP_21-R68-_-y05-58885-66-O-2,12:26:00,45,Sunday,162,tfl_21-R68-_-y05-58885.xml
VJ_21-R68-_-y05-58885-222-Su,PK0001815:15,ABLO:PK0001815:15:R68,JP_21-R68-_-y05-58885-66-O-2,12:42:00,47,Sunday,163,tfl_21-R68-_-y05-58885.xml
VJ_21-R68-_-y05-58885-223-Su,PK0001815:15,ABLO:PK0001815:15:R68,JP_21-R68-_-y05-58885-66-O-2,12:58:00,49,Sunday,164,tfl_21-R68-_-y05-58885.xml
VJ_21-R68-_-y05-58885-224-Su,PK0001815:15,ABLO:PK0001815:15:R68,JP_21-R68-_-y05-58885-67-O-2,11:54:00,41,Sunday,160,tfl_21-R68-_-y05-58885.xml
VJ_21-R68-_-y05-58885-225-Su,PK0001815:15,ABLO:PK0001815:15:R68,JP_21-R68-_-y05-58885-67-O-2,12:10:00,43,Sunday,161,tfl_21-R68-_-y05-58885.xml
VJ_21-R68-_-y05-58885-1-MF,PK0001815:15,ABLO:PK0001815:15:R68,JP_21-R68-_-y05-58885-9-I-1,05:10:00,2,"Monday,Tuesday,Wednesday,Thursday,Friday",206,tfl_21-R68-_-y05-58885.xml
VJ_21-R68-_-y05-58885-2-MF,PK0001815:15,ABLO:PK0001815:15:R68,JP_21-R68-_-y05-58885-9-I-1,05:25:00,4,"Monday,Tuesday,Wednesday,Thursday,Friday",207,tfl_21-R68-_-y05-58885.xml
VJ_21-R68-_-y05-58885-3-MF,PK0001815:15,ABLO:PK0001815:15:R68,JP_21-R68-_-y05-58885-11-I-1,23:00:00,132,"Monday,Tuesday,Wednesday,Thursday,Friday",271,tfl_21-R68-_-y05-58885.xml
VJ_21-R68-_-y05-58885-4-MF,PK0001815:15,ABLO:PK0001815:15:R68,JP_21-R68-_-y05-58885-11-I-1,23:20:00,134,"Monday,Tuesday,Wednesday,Thursday,Friday",272,tfl_21-R68-_-y05-58885.xml
VJ_21-R68-_-y05-58885-5-MF,PK0001815:15,ABLO:PK0001815:15:R68,JP_21-R68-_-y05-58885-11-I-1,23:40:00,136,"Monday,Tuesday,Wednesday,Thursday,Friday",273,tfl_21-R68-_-y05-58885.xml
VJ_21-R68-_-y05-58885-6-MF,PK0001815:15,ABLO:PK0001815:15:R68,JP_21-R68-_-y05-58885-11-I-1,00:00:00,138,"Monday,Tuesday,Wednesday,Thursday,Friday",274,tfl_21-R68-_-y05-58885.xml
VJ_21-R68-_-y05-58885-7-MF,PK0001815:15,ABLO:PK0001815:15:R68,JP_21-R68-_-y05-58885-11-I-1,00:20:00,140,"Monday,Tuesday,Wednesday,Thursday,Friday",275,tfl_21-R68-_-y05-58885.xml
VJ_21-R68-_-y05-58885-8-MF,PK0001815:15,ABLO:PK0001815:15:R68,JP_21-R68-_-y05-58885-13-I-1,05:40:00,6,"Monday,Tuesday,Wednesday,Thursday,Friday",208,tfl_21-R68-_-y05-58885.xml
VJ_21-R68-_-y05-58885-9-MF,PK0001815:15,ABLO:PK0001815:15:R68,JP_21-R68-_-y05-58885-14-I-1,22:40:00,130,"Monday,Tuesday,Wednesday,Thursday,Friday",270,tfl_21-R68-_-y05-58885.xml
VJ_21-R68-_-y05-58885-10-MF,PK0001815:15,ABLO:PK0001815:15:R68,JP_21-R68-_-y05-58885-15-I-1,22:00:00,126,"Monday,Tuesday,Wednesday,Thursday,Friday",268,tfl_21-R68-_-y05-58885.xml
VJ_21-R68-_-y05-58885-11-MF,PK0001815:15,ABLO:PK0001815:15:R68,JP_21-R68-_-y05-58885-15-I-1,22:20:00,128,"Monday,Tuesday,Wednesday,Thursday,Friday",269,tfl_21-R68-_-y05-58885.xml
VJ_21-R68-_-y05-58885-12-MF,PK0001815:15,ABLO:PK0001815:15:R68,JP_21-R68-_-y05-58885-19-I-1,21:40:00,124,"Monday,Tuesday,Wednesday,Thursday,Friday",267,tfl_21-R68-_-y05-58885.xml
VJ_21-R68-_-y05-58885-13-MF,PK0001815:15,ABLO:PK0001815:15:R68,JP_21-R68-_-y05-58885-20-I-1,21:00:00,120,"Monday,Tuesday,Wednesday,Thursday,Friday",265,tfl_21-R68-_-y05-58885.xml
VJ_21-R68-_-y05-58885-14-MF,PK0001815:15,ABLO:PK0001815:15:R68,JP_21-R68-_-y05-58885-20-I-1,21:20:00,122,"Monday,Tuesday,Wednesday,Thursday,Friday",266,tfl_21-R68-_-y05-58885.xml
VJ_21-R68-_-y05-58885-15-MF,PK0001815:15,ABLO:PK0001815:15:R68,JP_21-R68-_-y05-58885-28-I-1,05:55:00,8,"Monday,Tuesday,Wednesday,Thursday,Friday",209,tfl_21-R68-_-y05-58885.xml
VJ_21-R68-_-y05-58885-16-MF,PK0001815:15,ABLO:PK0001815:15:R68,JP_21-R68-_-y05-58885-35-I-1,06:09:00,10,"Monday,Tuesday,Wednesday,Thursday,Friday",210,tfl_21-R68-_-y05-58885.xml
VJ_21-R68-_-y05-58885-17-MF,PK0001815:15,ABLO:PK0001815:15:R68,JP_21-R68-_-y05-58885-36-I-1,06:24:00,12,"Monday,Tuesday,Wednesday,Thursday,Friday",211,tfl_21-R68-_-y05-58885.xml
VJ_21-R68-_-y05-58885-18-MF,PK0001815:15,ABLO:PK0001815:15:R68,JP_21-R68-_-y05-58885-37-I-1,20:40:00,118,"Monday,Tuesday,Wednesday,Thursday,Friday",264,tfl_21-R68-_-y05-58885.xml
VJ_21-R68-_-y05-58885-19-MF,PK0001815:15,ABLO:PK0001815:15:R68,JP_21-R68-_-y05-58885-38-I-1,20:00:00,114,"Monday,Tuesday,Wednesday,Thursday,Friday",262,tfl_21-R68-_-y05-58885.xml
VJ_21-R68-_-y05-58885-20-MF,PK0001815:15,ABLO:PK0001815:15:R68,JP_21-R68-_-y05-58885-38-I-1,20:20:00,116,"Monday,Tuesday,Wednesday,Thursday,Friday",263,tfl_21-R68-_-y05-58885.xml
VJ_21-R68-_-y05-58885-21-MF,PK0001815:15,ABLO:PK0001815:15:R68,JP_21-R68-_-y05-58885-41-I-1,06:38:00,14,"Monday,Tuesday,Wednesday,Thursday,Friday",212,tfl_21-R68-_-y05-58885.xml
VJ_21-R68-_-y05-58885-22-MF,PK0001815:15,ABLO:PK0001815:15:R68,JP_21-R68-_-y05-58885-49-I-1,06:51:00,16,"Monday,Tuesday,Wednesday,Thursday,Friday",213,tfl_21-R68-_-y05-58885.xml
VJ_21-R68-_-y05-58885-23-MF,PK0001815:15,ABLO:PK0001815:15:R68,JP_21-R68-_-y05-58885-50-I-1,19:40:00,112,"Monday,Tuesday,Wednesday,Thursday,Friday",261,tfl_21-R68-_-y05-58885.xml
VJ_21-R68-_-y05-58885-24-MF,PK0001815:15,ABLO:PK0001815:15:R68,JP_21-R68-_-y05-58885-51-I-1,19:20:00,110,"Monday,Tuesday,Wednesday,Thursday,Friday",260,tfl_21-R68-_-y05-58885.xml
VJ_21-R68-_-y05-58885-25-MF,PK0001815:15,ABLO:PK0001815:15:R68,JP_21-R68-_-y05-58885-52-I-1,19:00:00,108,"Monday,Tuesday,Wednesday,Thursday,Friday",259,tfl_21-R68-_-y05-58885.xml
VJ_21-R68-_-y05-58885-26-MF,PK0001815:15,ABLO:PK0001815:15:R68,JP_21-R68-_-y05-58885-70-I-1,18:43:00,106,"Monday,Tuesday,Wednesday,Thursday,Friday",258,tfl_21-R68-_-y05-58885.xml
VJ_21-R68-_-y05-58885-27-MF,PK0001815:15,ABLO:PK0001815:15:R68,JP_21-R68-_-y05-58885-71-I-1,18:27:00,104,"Monday,Tuesday,Wednesday,Thursday,Friday",257,tfl_21-R68-_-y05-58885.xml
VJ_21-R68-_-y05-58885-28-MF,PK0001815:15,ABLO:PK0001815:15:R68,JP_21-R68-_-y05-58885-72-I-1,09:58:00,40,"Monday,Tuesday,Wednesday,Thursday,Friday",225,tfl_21-R68-_-y05-58885.xml
VJ_21-R68-_-y05-58885-29-MF,PK0001815:15,ABLO:PK0001815:15:R68,JP_21-R68-_-y05-58885-72-I-1,10:14:00,42,"Monday,Tuesday,Wednesday,Thursday,Friday",226,tfl_21-R68-_-y05-58885.xml
VJ_21-R68-_-y05-58885-30-MF,PK0001815:15,ABLO:PK0001815:15:R68,JP_21-R68-_-y05-58885-72-I-1,10:30:00,44,"Monday,Tuesday,Wednesday,Thursday,Friday",227,tfl_21-R68-_-y05-58885.xml
VJ_21-R68-_-y05-58885-31-MF,PK0001815:15,ABLO:PK0001815:15:R68,JP_21-R68-_-y05-58885-72-I-1,10:46:00,46,"Monday,Tuesday,Wednesday,Thursday,Friday",228,tfl_21-R68-_-y05-58885.xml
VJ_21-R68-_-y05-58885-32-MF,PK0001815:15,ABLO:PK0001815:15:R68,JP_21-R68-_-y05-58885-72-I-1,11:02:00,48,"Monday,Tuesday,Wednesday,Thursday,Friday",229,tfl_21-R68-_-y05-58885.xml
VJ_21-R68-_-y05-58885-33-MF,PK0001815:15,ABLO:PK0001815:15:R68,JP_21-R68-_-y05-58885-72-I-1,11:18:00,50,"Monday,Tuesday,Wednesday,Thursday,Friday",230,tfl_21-R68-_-y05-58885.xml
VJ_21-R68-_-y05-58885-34-MF,PK0001815:15,ABLO:PK0001815:15:R68,JP_21-R68-_-y05-58885-72-I-1,11:34:00,52,"Monday,Tuesday,Wednesday,Thursday,Friday",231,tfl_21-R68-_-y05-58885.xml
VJ_21-R68-_-y05-58885-35-MF,PK0001815:15,ABLO:PK0001815:15:R68,JP_21-R68-_-y05-58885-72-I-1,11:50:00,54,"Monday,Tuesday,Wednesday,Thursday,Friday",232,tfl_21-R68-_-y05-58885.xml
VJ_21-R68-_-y05-58885-36-MF,PK0001815:15,ABLO:PK0001815:15:R68,JP_21-R68-_-y05-58885-72-I-1,12:06:00,56,"Monday,Tuesday,Wednesday,Thursday,Friday",233,tfl_21-R68-_-y05-58885.xml
VJ_21-R68-_-y05-58885-37-MF,PK0001815:15,ABLO:PK0001815:15:R68,JP_21-R68-_-y05-58885-72-I-1,12:22:00,58,"Monday,Tuesday,Wednesday,Thursday,Friday",234,tfl_21-R68-_-y05-58885.xml
VJ_21-R68-_-y05-58885-38-MF,PK0001815:15,ABLO:PK0001815:15:R68,JP_21-R68-_-y05-58885-72-I-1,12:38:00,60,"Monday,Tuesday,Wednesday,Thursday,Friday",235,tfl_21-R68-_-y05-58885.xml
VJ_21-R68-_-y05-58885-39-MF,PK0001815:15,ABLO:PK0001815:15:R68,JP_21-R68-_-y05-58885-72-I-1,12:54:00,62,"Monday,Tuesday,Wednesday,Thursday,Friday",236,tfl_21-R68-_-y05-58885.xml
VJ_21-R68-_-y05-58885-40-MF,PK0001815:15,ABLO:PK0001815:15:R68,JP_21-R68-_-y05-58885-72-I-1,13:10:00,64,"Monday,Tuesday,Wednesday,Thursday,Friday",237,tfl_21-R68-_-y05-58885.xml
VJ_21-R68-_-y05-58885-41-MF,PK0001815:15,ABLO:PK0001815:15:R68,JP_21-R68-_-y05-58885-72-I-1,13:26:00,66,"Monday,Tuesday,Wednesday,Thursday,Friday",238,tfl_21-R68-_-y05-58885.xml
VJ_21-R68-_-y05-58885-42-MF,PK0001815:15,ABLO:PK0001815:15:R68,JP_21-R68-_-y05-58885-73-I-1,18:11:00,102,"Monday,Tuesday,Wednesday,Thursday,Friday",256,tfl_21-R68-_-y05-58885.xml
VJ_21-R68-_-y05-58885-43-MF,PK0001815:15,ABLO:PK0001815:15:R68,JP_21-R68-_-y05-58885-74-I-1,13:42:00,68,"Monday,Tuesday,Wednesday,Thursday,Friday",239,tfl_21-R68-_-y05-58885.xml
VJ_21-R68-_-y05-58885-44-MF,PK0001815:15,ABLO:PK0001815:15:R68,JP_21-R68-_-y05-58885-74-I-1,13:58:00,70,"Monday,Tuesday,Wednesday,Thursday,Friday",240,tfl_21-R68-_-y05-58885.xml
VJ_21-R68-_-y05-58885-45-MF,PK0001815:15,ABLO:PK0001815:15:R68,JP_21-R68-_-y05-58885-75-I-1,14:13:00,72,"Monday,Tuesday,Wednesday,Thursday,Friday",241,tfl_21-R68-_-y05-58885.xml
VJ_21-R68-_-y05-58885-46-MF,PK0001815:15,ABLO:PK0001815:15:R68,JP_21-R68-_-y05-58885-76-I-1,14:28:00,74,"Monday,Tuesday,Wednesday,Thursday,Friday",242,tfl_21-R68-_-y05-58885.xml
VJ_21-R68-_-y05-58885-47-MF,PK0001815:15,ABLO:PK0001815:15:R68,JP_21-R68-_-y05-58885-76-I-1,14:42:00,76,"Monday,Tuesday,Wednesday,Thursday,Friday",243,tfl_21-R68-_-y05-58885.xml
VJ_21-R68-_-y05-58885-48-MF,PK0001815:15,ABLO:PK0001815:15:R68,JP_21-R68-_-y05-58885-76-I-1,14:58:00,78,"Monday,Tuesday,Wednesday,Thursday,Friday",244,tfl_21-R68-_-y05-58885.xml
VJ_21-R68-_-y05-58885-49-MF,PK0001815:15,ABLO:PK0001815:15:R68,JP_21-R68-_-y05-58885-81-I-1,09:42:00,38,"Monday,Tuesday,Wednesday,Thursday,Friday",224,tfl_21-R68-_-y05-58885.xml
VJ_21-R68-_-y05-58885-50-MF,PK0001815:15,ABLO:PK0001815:15:R68,JP_21-R68-_-y05-58885-82-I-1,09:10:00,34,"Monday,Tuesday,Wednesday,Thursday,Friday",222,tfl_21-R68-_-y05-58885.xml
VJ_21-R68-_-y05-58885-51-MF,PK0001815:15,ABLO:PK0001815:15:R68,JP_21-R68-_-y05-58885-82-I-1,09:26:00,36,"Monday,Tuesday,Wednesday,Thursday,Friday",223,tfl_21-R68-_-y05-58885.xml
VJ_21-R68-_-y05-58885-52-MF,PK0001815:15,ABLO:PK0001815:15:R68,JP_21-R68-_-y05-58885-83-I-1,07:05:00,18,"Monday,Tuesday,Wednesday,Thursday,Friday",214,tfl_21-R68-_-y05-58885.xml
VJ_21-R68-_-y05-58885-53-MF,PK0001815:15,ABLO:PK0001815:15:R68,JP_21-R68-_-y05-58885-84-I-1,07:19:00,20,"Monday,Tuesday,Wednesday,Thursday,Friday",215,tfl_21-R68-_-y05-58885.xml
VJ_21-R68-_-y05-58885-54-MF,PK0001815:15,ABLO:PK0001815:15:R68,JP_21-R68-_-y05-58885-85-I-1,07:34:00,22,"Monday,Tuesday,Wednesday,Thursday,Friday",216,tfl_21-R68-_-y05-58885.xml
VJ_21-R68-_-y05-58885-55-MF,PK0001815:15,ABLO:PK0001815:15:R68,JP_21-R68-_-y05-58885-86-I-1,07:49:00,24,"Monday,Tuesday,Wednesday,Thursday,Friday",217,tfl_21-R68-_-y05-58885.xml
VJ_21-R68-_-y05-58885-56-MF,PK0001815:15,ABLO:PK0001815:15:R68,JP_21-R68-_-y05-58885-87-I-1,08:37:00,30,"Monday,Tuesday,Wednesday,Thursday,Friday",220,tfl_21-R68-_-y05-58885.xml
VJ_21-R68-_-y05-58885-57-MF,PK0001815:15,ABLO:PK0001815:15:R68,JP_21-R68-_-y05-58885-87-I-1,08:53:00,32,"Monday,Tuesday,Wednesday,Thursday,Friday",221,tfl_21-R68-_-y05-58885.xml
VJ_21-R68-_-y05-58885-58-MF,PK0001815:15,ABLO:PK0001815:15:R68,JP_21-R68-_-y05-58885-88-I-1,08:21:00,28,"Monday,Tuesday,Wednesday,Thursday,Friday",219,tfl_21-R68-_-y05-58885.xml
VJ_21-R68-_-y05-58885-59-MF,PK0001815:15,ABLO:PK0001815:15:R68,JP_21-R68-_-y05-58885-89-I-1,08:05:00,26,"Monday,Tuesday,Wednesday,Thursday,Friday",218,tfl_21-R68-_-y05-58885.xml
VJ_21-R68-_-y05-58885-60-MF,PK0001815:15,ABLO:PK0001815:15:R68,JP_21-R68-_-y05-58885-95-I-1,17:12:00,94,"Monday,Tuesday,Wednesday,Thursday,Friday",252,tfl_21-R68-_-y05-58885.xml
VJ_21-R68-_-y05-58885-61-MF,PK0001815:15,ABLO:PK0001815:15:R68,JP_21-R68-_-y05-58885-95-I-1,17:26:00,96,"Monday,Tuesday,Wednesday,Thursday,Friday",253,tfl_21-R68-_-y05-58885.xml
VJ_21-R68-_-y05-58885-62-MF,PK0001815:15,ABLO:PK0001815:15:R68,JP_21-R68-_-y05-58885-95-I-1,17:41:00,98,"Monday,Tuesday,Wednesday,Thursday,Friday",254,tfl_21-R68-_-y05-58885.xml
VJ_21-R68-_-y05-58885-63-MF,PK0001815:15,ABLO:PK0001815:15:R68,JP_21-R68-_-y05-58885-95-I-1,17:57:00,100,"Monday,Tuesday,Wednesday,Thursday,Friday",255,tfl_21-R68-_-y05-58885.xml
VJ_21-R68-_-y05-58885-64-MF,PK0001815:15,ABLO:PK0001815:15:R68,JP_21-R68-_-y05-58885-96-I-1,15:14:00,80,"Monday,Tuesday,Wednesday,Thursday,Friday",245,tfl_21-R68-_-y05-58885.xml
VJ_21-R68-_-y05-58885-65-MF,PK0001815:15,ABLO:PK0001815:15:R68,JP_21-R68-_-y05-58885-97-I-1,15:30:00,82,"Monday,Tuesday,Wednesday,Thursday,Friday",246,tfl_21-R68-_-y05-58885.xml
VJ_21-R68-_-y05-58885-66-MF,PK0001815:15,ABLO:PK0001815:15:R68,JP_21-R68-_-y05-58885-97-I-1,15:46:00,84,"Monday,Tuesday,Wednesday,Thursday,Friday",247,tfl_21-R68-_-y05-58885.xml
VJ_21-R68-_-y05-58885-67-MF,PK0001815:15,ABLO:PK0001815:15:R68,JP_21-R68-_-y05-58885-103-I-1,16:57:00,92,"Monday,Tuesday,Wednesday,Thursday,Friday",251,tfl_21-R68-_-y05-58885.xml
VJ_21-R68-_-y05-58885-68-MF,PK0001815:15,ABLO:PK0001815:15:R68,JP_21-R68-_-y05-58885-108-I-1,16:41:00,90,"Monday,Tuesday,Wednesday,Thursday,Friday",250,tfl_21-R68-_-y05-58885.xml
VJ_21-R68-_-y05-58885-69-MF,PK0001815:15,ABLO:PK0001815:15:R68,JP_21-R68-_-y05-58885-109-I-1,16:04:00,86,"Monday,Tuesday,Wednesday,Thursday,Friday",248,tfl_21-R68-_-y05-58885.xml
VJ_21-R68-_-y05-58885-70-MF,PK0001815:15,ABLO:PK0001815:15:R68,JP_21-R68-_-y05-58885-109-I-1,16:24:00,88,"Monday,Tuesday,Wednesday,Thursday,Friday",249,tfl_21-R68-_-y05-58885.xml
VJ_21-R68-_-y05-58885-71-MF,PK0001815:15,ABLO:PK0001815:15:R68,JP_21-R68-_-y05-58885-11-O-2,23:10:00,127,"Monday,Tuesday,Wednesday,Thursday,Friday",64,tfl_21-R68-_-y05-58885.xml
VJ_21-R68-_-y05-58885-72-MF,PK0001815:15,ABLO:PK0001815:15:R68,JP_21-R68-_-y05-58885-11-O-2,23:30:00,129,"Monday,Tuesday,Wednesday,Thursday,Friday",65,tfl_21-R68-_-y05-58885.xml
VJ_21-R68-_-y05-58885-73-MF,PK0001815:15,ABLO:PK0001815:15:R68,JP_21-R68-_-y05-58885-11-O-2,23:50:00,131,"Monday,Tuesday,Wednesday,Thursday,Friday",66,tfl_21-R68-_-y05-58885.xml
VJ_21-R68-_-y05-58885-74-MF,PK0001815:15,ABLO:PK0001815:15:R68,JP_21-R68-_-y05-58885-11-O-2,00:10:00,133,"Monday,Tuesday,Wednesday,Thursday,Friday",67,tfl_21-R68-_-y05-58885.xml
VJ_21-R68-_-y05-58885-75-MF,PK0001815:15,ABLO:PK0001815:15:R68,JP_21-R68-_-y05-58885-11-O-2,00:30:00,135,"Monday,Tuesday,Wednesday,Thursday,Friday",68,tfl_21-R68-_-y05-58885.xml
VJ_21-R68-_-y05-58885-76-MF,PK0001815:15,ABLO:PK0001815:15:R68,JP_21-R68-_-y05-58885-11-O-2,00:50:00,137,"Monday,Tuesday,Wednesday,Thursday,Friday",69,tfl_21-R68-_-y05-58885.xml
VJ_21-R68-_-y05-58885-77-MF,PK0001815:15,ABLO:PK0001815:15:R68,JP_21-R68-_-y05-58885-11-O-2,01:10:00,139,"Monday,Tuesday,Wednesday,Thursday,Friday",70,tfl_21-R68-_-y05-58885.xml
VJ_21-R68-_-y05-58885-78-MF,PK0001815:15,ABLO:PK0001815:15:R68,JP_21-R68-_-y05-58885-12-O-2,05:50:00,1,"Monday,Tuesday,Wednesday,Thursday,Friday",1,tfl_21-R68-_-y05-58885.xml
VJ_21-R68-_-y05-58885-79-MF,PK0001815:15,ABLO:PK0001815:15:R68,JP_21-R68-_-y05-58885-15-O-2,22:50:00,125,"Monday,Tuesday,Wednesday,Thursday,Friday",63,tfl_21-R68-_-y05-58885.xml
VJ_21-R68-_-y05-58885-80-MF,PK0001815:15,ABLO:PK0001815:15:R68,JP_21-R68-_-y05-58885-17-O-2,22:30:00,123,"Monday,Tuesday,Wednesday,Thursday,Friday",62,tfl_21-R68-_-y05-58885.xml
VJ_21-R68-_-y05-58885-81-MF,PK0001815:15,ABLO:PK0001815:15:R68,JP_21-R68-_-y05-58885-18-O-2,21:50:00,119,"Monday,Tuesday,Wednesday,Thursday,Friday",60,tfl_21-R68-_-y05-58885.xml
VJ_21-R68-_-y05-58885-82-MF,PK0001815:15,ABLO:PK0001815:15:R68,JP_21-R68-_-y05-58885-18-O-2,22:10:00,121,"Monday,Tuesday,Wednesday,Thursday,Friday",61,tfl_21-R68-_-y05-58885.xml
VJ_21-R68-_-y05-58885-83-MF,PK0001815:15,ABLO:PK0001815:15:R68,JP_21-R68-_-y05-58885-21-O-2,20:29:00,111,"Monday,Tuesday,Wednesday,Thursday,Friday",56,tfl_21-R68-_-y05-58885.xml
VJ_21-R68-_-y05-58885-84-MF,PK0001815:15,ABLO:PK0001815:15:R68,JP_21-R68-_-y05-58885-21-O-2,20:50:00,113,"Monday,Tuesday,Wednesday,Thursday,Friday",57,tfl_21-R68-_-y05-58885.xml
VJ_21-R68-_-y05-58885-85-MF,PK0001815:15,ABLO:PK0001815:15:R68,JP_21-R68-_-y05-58885-21-O-2,21:10:00,115,"Monday,Tuesday,Wednesday,Thursday,Friday",58,tfl_21-R68-_-y05-58885.xml
VJ_21-R68-_-y05-58885-86-MF,PK0001815:15,ABLO:PK0001815:15:R68,JP_21-R68-_-y05-58885-21-O-2,21:30:00,117,"Monday,Tuesday,Wednesday,Thursday,Friday",59,tfl_21-R68-_-y05-58885.xml
VJ_21-R68-_-y05-58885-87-MF,PK0001815:15,ABLO:PK0001815:15:R68,JP_21-R68-_-y05-58885-22-O-2,20:08:00,109,"Monday,Tuesday,Wednesday,Thursday,Friday",55,tfl_21-R68-_-y05-58885.xml
VJ_21-R68-_-y05-58885-88-MF,PK0001815:15,ABLO:PK0001815:15:R68,JP_21-R68-_-y05-58885-28-O-2,06:06:00,3,"Monday,Tuesday,Wednesday,Thursday,Friday",2,tfl_21-R68-_-y05-58885.xml
VJ_21-R68-_-y05-58885-89-MF,PK0001815:15,ABLO:PK0001815:15:R68,JP_21-R68-_-y05-58885-29-O-2,06:21:00,5,"Monday,Tuesday,Wednesday,Thursday,Friday",3,tfl_21-R68-_-y05-58885.xml
VJ_21-R68-_-y05-58885-90-MF,PK0001815:15,ABLO:PK0001815:15:R68,JP_21-R68-_-y05-58885-30-O-2,06:35:00,7,"Monday,Tuesday,Wednesday,Thursday,Friday",4,tfl_21-R68-_-y05-58885.xml
VJ_21-R68-_-y05-58885-91-MF,PK0001815:15,ABLO:PK0001815:15:R68,JP_21-R68-_-y05-58885-38-O-2,06:49:00,9,"Monday,Tuesday,Wednesday,Thursday,Friday",5,tfl_21-R68-_-y05-58885.xml
VJ_21-R68-_-y05-58885-92-MF,PK0001815:15,ABLO:PK0001815:15:R68,JP_21-R68-_-y05-58885-42-O-2,19:49:00,107,"Monday,Tuesday,Wednesday,Thursday,Friday",54,tfl_21-R68-_-y05-58885.xml
VJ_21-R68-_-y05-58885-93-MF,PK0001815:15,ABLO:PK0001815:15:R68,JP_21-R68-_-y05-58885-54-O-2,19:33:00,105,"Monday,Tuesday,Wednesday,Thursday,Friday",53,tfl_21-R68-_-y05-58885.xml
VJ_21-R68-_-y05-58885-94-MF,PK0001815:15,ABLO:PK0001815:15:R68,JP_21-R68-_-y05-58885-56-O-2,19:16:00,103,"Monday,Tuesday,Wednesday,Thursday,Friday",52,tfl_21-R68-_-y05-58885.xml
VJ_21-R68-_-y05-58885-95-MF,PK0001815:15,ABLO:PK0001815:15:R68,JP_21-R68-_-y05-58885-57-O-2,19:00:00,101,"Monday,Tuesday,Wednesday,Thursday,Friday",51,tfl_21-R68-_-y05-58885.xml
VJ_21-R68-_-y05-58885-96-MF,PK0001815:15,ABLO:PK0001815:15:R68,JP_21-R68-_-y05-58885-75-O-2,09:12:00,27,"Monday,Tuesday,Wednesday,Thursday,Friday",14,tfl_21-R68-_-y05-58885.xml
VJ_21-R68-_-y05-58885-97-MF,PK0001815:15,ABLO:PK0001815:15:R68,JP_21-R68-_-y05-58885-75-O-2,09:29:00,29,"Monday,Tuesday,Wednesday,Thursday,Friday",15,tfl_21-R68-_-y05-58885.xml
VJ_21-R68-_-y05-58885-98-MF,PK0001815:15,ABLO:PK0001815:15:R68,JP_21-R68-_-y05-58885-75-O-2,09:42:00,31,"Monday,Tuesday,Wednesday,Thursday,Friday",16,tfl_21-R68-_-y05-58885.xml
VJ_21-R68-_-y05-58885-99-MF,PK0001815:15,ABLO:PK0001815:15:R68,JP_21-R68-_-y05-58885-75-O-2,09:58:00,33,"Monday,Tuesday,Wednesday,Thursday,Friday",17,tfl_21-R68-_-y05-58885.xml
VJ_21-R68-_-y05-58885-100-MF,PK0001815:15,ABLO:PK0001815:15:R68,JP_21-R68-_-y05-58885-75-O-2,10:14:00,35,"Monday,Tuesday,Wednesday,Thursday,Friday",18,tfl_21-R68-_-y05-58885.xml
VJ_21-R68-_-y05-58885-101-MF,PK0001815:15,ABLO:PK0001815:15:R68,JP_21-R68-_-y05-58885-75-O-2,10:30:00,37,"Monday,Tuesday,Wednesday,Thursday,Friday",19,tfl_21-R68-_-y05-58885.xml
VJ_21-R68-_-y05-58885-102-MF,PK0001815:15,ABLO:PK0001815:15:R68,JP_21-R68-_-y05-58885-76-O-2,10:46:00,39,"Monday,Tuesday,Wednesday,Thursday,Friday",20,tfl_21-R68-_-y05-58885.xml
VJ_21-R68-_-y05-58885-103-MF,PK0001815:15,ABLO:PK0001815:15:R68,JP_21-R68-_-y05-58885-76-O-2,11:02:00,41,"Monday,Tuesday,Wednesday,Thursday,Friday",21,tfl_21-R68-_-y05-58885.xml
VJ_21-R68-_-y05-58885-104-MF,PK0001815:15,ABLO:PK0001815:15:R68,JP_21-R68-_-y05-58885-76-O-2,11:18:00,43,"Monday,Tuesday,Wednesday,Thursday,Friday",22,tfl_21-R68-_-y05-58885.xml
VJ_21-R68-_-y05-58885-105-MF,PK0001815:15,ABLO:PK0001815:15:R68,JP_21-R68-_-y05-58885-76-O-2,11:34:00,45,"Monday,Tuesday,Wednesday,Thursday,Friday",23,tfl_21-R68-_-y05-58885.xml
VJ_21-R68-_-y05-58885-106-MF,PK0001815:15,ABLO:PK0001815:15:R68,JP_21-R68-_-y05-58885-76-O-2,11:50:00,47,"Monday,Tuesday,Wednesday,Thursday,Friday",24,tfl_21-R68-_-y05-58885.xml
VJ_21-R68-_-y05-58885-107-MF,PK0001815:15,ABLO:PK0001815:15:R68,JP_21-R68-_-y05-58885-76-O-2,12:06:00,49,"Monday,Tuesday,Wednesday,Thursday,Friday",25,tfl_21-R68-_-y05-58885.xml
VJ_21-R68-_-y05-58885-108-MF,PK0001815:15,ABLO:PK0001815:15:R68,JP_21-R68-_-y05-58885-76-O-2,12:22:00,51,"Monday,Tuesday,Wednesday,Thursday,Friday",26,tfl_21-R68-_-y05-58885.xml
VJ_21-R68-_-y05-58885-109-MF,PK0001815:15,ABLO:PK0001815:15:R68,JP_21-R68-_-y05-58885-76-O-2,12:38:00,53,"Monday,Tuesday,Wednesday,Thursday,Friday",27,tfl_21-R68-_-y05-58885.xml
VJ_21-R68-_-y05-58885-110-MF,PK0001815:15,ABLO:PK0001815:15:R68,JP_21-R68-_-y05-58885-76-O-2,12:54:00,55,"Monday,Tuesday,Wednesday,Thursday,Friday",28,tfl_21-R68-_-y05-58885.xml
VJ_21-R68-_-y05-58885-111-MF,PK0001815:15,ABLO:PK0001815:15:R68,JP_21-R68-_-y05-58885-76-O-2,13:10:00,57,"Monday,Tuesday,Wednesday,Thursday,Friday",29,tfl_21-R68-_-y05-58885.xml
VJ_21-R68-_-y05-58885-112-MF,PK0001815:15,ABLO:PK0001815:15:R68,JP_21-R68-_-y05-58885-76-O-2,13:26:00,59,"Monday,Tuesday,Wednesday,Thursday,Friday",30,tfl_21-R68-_-y05-58885.xml
VJ_21-R68-_-y05-58885-113-MF,PK0001815:15,ABLO:PK0001815:15:R68,JP_21-R68-_-y05-58885-76-O-2,13:41:00,61,"Monday,Tuesday,Wednesday,Thursday,Friday",31,tfl_21-R68-_-y05-58885.xml
VJ_21-R68-_-y05-58885-114-MF,PK0001815:15,ABLO:PK0001815:15:R68,JP_21-R68-_-y05-58885-77-O-2,13:56:00,63,"Monday,Tuesday,Wednesday,Thursday,Friday",32,tfl_21-R68-_-y05-58885.xml
VJ_21-R68-_-y05-58885-115-MF,PK0001815:15,ABLO:PK0001815:15:R68,JP_21-R68-_-y05-58885-78-O-2,14:11:00,65,"Monday,Tuesday,Wednesday,Thursday,Friday",33,tfl_21-R68-_-y05-58885.xml
VJ_21-R68-_-y05-58885-116-MF,PK0001815:15,ABLO:PK0001815:15:R68,JP_21-R68-_-y05-58885-79-O-2,14:27:00,67,"Monday,Tuesday,Wednesday,Thursday,Friday",34,tfl_21-R68-_-y05-58885.xml
VJ_21-R68-_-y05-58885-117-MF,PK0001815:15,ABLO:PK0001815:15:R68,JP_21-R68-_-y05-58885-80-O-2,14:43:00,69,"Monday,Tuesday,Wednesday,Thursday,Friday",35,tfl_21-R68-_-y05-58885.xml
VJ_21-R68-_-y05-58885-118-MF,PK0001815:15,ABLO:PK0001815:15:R68,JP_21-R68-_-y05-58885-81-O-2,07:05:00,11,"Monday,Tuesday,Wednesday,Thursday,Friday",6,tfl_21-R68-_-y05-58885.xml
VJ_21-R68-_-y05-58885-119-MF,PK0001815:15,ABLO:PK0001815:15:R68,JP_21-R68-_-y05-58885-82-O-2,07:18:00,13,"Monday,Tuesday,Wednesday,Thursday,Friday",7,tfl_21-R68-_-y05-58885.xml
VJ_21-R68-_-y05-58885-120-MF,PK0001815:15,ABLO:PK0001815:15:R68,JP_21-R68-_-y05-58885-83-O-2,07:33:00,15,"Monday,Tuesday,Wednesday,Thursday,Friday",8,tfl_21-R68-_-y05-58885.xml
VJ_21-R68-_-y05-58885-121-MF,PK0001815:15,ABLO:PK0001815:15:R68,JP_21-R68-_-y05-58885-84-O-2,07:46:00,17,"Monday,Tuesday,Wednesday,Thursday,Friday",9,tfl_21-R68-_-y05-58885.xml
VJ_21-R68-_-y05-58885-122-MF,PK0001815:15,ABLO:PK0001815:15:R68,JP_21-R68-_-y05-58885-85-O-2,18:27:00,97,"Monday,Tuesday,Wednesday,Thursday,Friday",49,tfl_21-R68-_-y05-58885.xml
VJ_21-R68-_-y05-58885-123-MF,PK0001815:15,ABLO:PK0001815:15:R68,JP_21-R68-_-y05-58885-85-O-2,18:43:00,99,"Monday,Tuesday,Wednesday,Thursday,Friday",50,tfl_21-R68-_-y05-58885.xml
VJ_21-R68-_-y05-58885-124-MF,PK0001815:15,ABLO:PK0001815:15:R68,JP_21-R68-_-y05-58885-86-O-2,18:14:00,95,"Monday,Tuesday,Wednesday,Thursday,Friday",48,tfl_21-R68-_-y05-58885.xml
VJ_21-R68-_-y05-58885-125-MF,PK0001815:15,ABLO:PK0001815:15:R68,JP_21-R68-_-y05-58885-94-O-2,14:59:00,71,"Monday,Tuesday,Wednesday,Thursday,Friday",36,tfl_21-R68-_-y05-58885.xml
VJ_21-R68-_-y05-58885-126-MF,PK0001815:15,ABLO:PK0001815:15:R68,JP_21-R68-_-y05-58885-95-O-2,08:54:00,25,"Monday,Tuesday,Wednesday,Thursday,Friday",13,tfl_21-R68-_-y05-58885.xml
VJ_21-R68-_-y05-58885-127-MF,PK0001815:15,ABLO:PK0001815:15:R68,JP_21-R68-_-y05-58885-96-O-2,08:23:00,21,"Monday,Tuesday,Wednesday,Thursday,Friday",11,tfl_21-R68-_-y05-58885.xml
VJ_21-R68-_-y05-58885-128-MF,PK0001815:15,ABLO:PK0001815:15:R68,JP_21-R68-_-y05-58885-97-O-2,08:05:00,19,"Monday,Tuesday,Wednesday,Thursday,Friday",10,tfl_21-R68-_-y05-58885.xml
VJ_21-R68-_-y05-58885-129-MF,PK0001815:15,ABLO:PK0001815:15:R68,JP_21-R68-_-y05-58885-98-O-2,08:38:00,23,"Monday,Tuesday,Wednesday,Thursday,Friday",12,tfl_21-R68-_-y05-58885.xml
VJ_21-R68-_-y05-58885-130-MF,PK0001815:15,ABLO:PK0001815:15:R68,JP_21-R68-_-y05-58885-99-O-2,17:59:00,93,"Monday,Tuesday,Wednesday,Thursday,Friday",47,tfl_21-R68-_-y05-58885.xml
VJ_21-R68-_-y05-58885-131-MF,PK0001815:15,ABLO:PK0001815:15:R68,JP_21-R68-_-y05-58885-100-O-2,17:44:00,91,"Monday,Tuesday,Wednesday,Thursday,Friday",46,tfl_21-R68-_-y05-58885.xml
VJ_21-R68-_-y05-58885-132-MF,PK0001815:15,ABLO:PK0001815:15:R68,JP_21-R68-_-y05-58885-101-O-2,17:24:00,89,"Monday,Tuesday,Wednesday,Thursday,Friday",45,tfl_21-R68-_-y05-58885.xml
VJ_21-R68-_-y05-58885-133-MF,PK0001815:15,ABLO:PK0001815:15:R68,JP_21-R68-_-y05-58885-102-O-2,17:07:00,87,"Monday,Tuesday,Wednesday,Thursday,Friday",44,tfl_21-R68-_-y05-58885.xml
VJ_21-R68-_-y05-58885-134-MF,PK0001815:15,ABLO:PK0001815:15:R68,JP_21-R68-_-y05-58885-103-O-2,16:51:00,85,"Monday,Tuesday,Wednesday,Thursday,Friday",43,tfl_21-R68-_-y05-58885.xml
VJ_21-R68-_-y05-58885-135-MF,PK0001815:15,ABLO:PK0001815:15:R68,JP_21-R68-_-y05-58885-104-O-2,16:19:00,81,"Monday,Tuesday,Wednesday,Thursday,Friday",41,tfl_21-R68-_-y05-58885.xml
VJ_21-R68-_-y05-58885-136-MF,PK0001815:15,ABLO:PK0001815:15:R68,JP_21-R68-_-y05-58885-104-O-2,16:35:00,83,"Monday,Tuesday,Wednesday,Thursday,Friday",42,tfl_21-R68-_-y05-58885.xml
VJ_21-R68-_-y05-58885-137-MF,PK0001815:15,ABLO:PK0001815:15:R68,JP_21-R68-_-y05-58885-105-O-2,16:03:00,79,"Monday,Tuesday,Wednesday,Thursday,Friday",40,tfl_21-R68-_-y05-58885.xml
VJ_21-R68-_-y05-58885-138-MF,PK0001815:15,ABLO:PK0001815:15:R68,JP_21-R68-_-y05-58885-106-O-2,15:47:00,77,"Monday,Tuesday,Wednesday,Thursday,Friday",39,tfl_21-R68-_-y05-58885.xml
VJ_21-R68-_-y05-58885-139-MF,PK0001815:15,ABLO:PK0001815:15:R68,JP_21-R68-_-y05-58885-107-O-2,15:15:00,73,"Monday,Tuesday,Wednesday,Thursday,Friday",37,tfl_21-R68-_-y05-58885.xml
VJ_21-R68-_-y05-58885-140-MF,PK0001815:15,ABLO:PK0001815:15:R68,JP_21-R68-_-y05-58885-107-O-2,15:31:00,75,"Monday,Tuesday,Wednesday,Thursday,Friday",38,tfl_21-R68-_-y05-58885.xml
VJ_21-R68-_-y05-58885-1-Sa,PK0001815:15,ABLO:PK0001815:15:R68,JP_21-R68-_-y05-58885-5-I-1,05:10:00,2,Saturday,276,tfl_21-R68-_-y05-58885_glMYlIz.xml
VJ_21-R68-_-y05-58885-2-Sa,PK0001815:15,ABLO:PK0001815:15:R68,JP_21-R68-_-y05-58885-5-I-1,05:30:00,4,Saturday,277,tfl_21-R68-_-y05-58885_glMYlIz.xml
VJ_21-R68-_-y05-58885-3-Sa,PK0001815:15,ABLO:PK0001815:15:R68,JP_21-R68-_-y05-58885-6-I-1,05:50:00,6,Saturday,278,tfl_21-R68-_-y05-58885_glMYlIz.xml
VJ_21-R68-_-y05-58885-4-Sa,PK0001815:15,ABLO:PK0001815:15:R68,JP_21-R68-_-y05-58885-8-I-1,06:10:00,8,Saturday,279,tfl_21-R68-_-y05-58885_glMYlIz.xml
VJ_21-R68-_-y05-58885-5-Sa,PK0001815:15,ABLO:PK0001815:15:R68,JP_21-R68-_-y05-58885-8-I-1,06:30:00,10,Saturday,280,tfl_21-R68-_-y05-58885_glMYlIz.xml
VJ_21-R68-_-y05-58885-6-Sa,PK0001815:15,ABLO:PK0001815:15:R68,JP_21-R68-_-y05-58885-12-I-1,23:00:00,128,Saturday,339,tfl_21-R68-_-y05-58885_glMYlIz.xml
VJ_21-R68-_-y05-58885-7-Sa,PK0001815:15,ABLO:PK0001815:15:R68,JP_21-R68-_-y05-58885-12-I-1,23:20:00,130,Saturday,340,tfl_21-R68-_-y05-58885_glMYlIz.xml
VJ_21-R68-_-y05-58885-8-Sa,PK0001815:15,ABLO:PK0001815:15:R68,JP_21-R68-_-y05-58885-12-I-1,23:40:00,132,Saturday,341,tfl_21-R68-_-y05-58885_glMYlIz.xml
VJ_21-R68-_-y05-58885-9-Sa,PK0001815:15,ABLO:PK0001815:15:R68,JP_21-R68-_-y05-58885-12-I-1,00:00:00,134,Saturday,342,tfl_21-R68-_-y05-58885_glMYlIz.xml
VJ_21-R68-_-y05-58885-10-Sa,PK0001815:15,ABLO:PK0001815:15:R68,JP_21-R68-_-y05-58885-12-I-1,00:20:00,136,Saturday,343,tfl_21-R68-_-y05-58885_glMYlIz.xml
VJ_21-R68-_-y05-58885-11-Sa,PK0001815:15,ABLO:PK0001815:15:R68,JP_21-R68-_-y05-58885-16-I-1,22:00:00,122,Saturday,336,tfl_21-R68-_-y05-58885_glMYlIz.xml
VJ_21-R68-_-y05-58885-12-Sa,PK0001815:15,ABLO:PK0001815:15:R68,JP_21-R68-_-y05-58885-16-I-1,22:20:00,124,Saturday,337,tfl_21-R68-_-y05-58885_glMYlIz.xml
VJ_21-R68-_-y05-58885-13-Sa,PK0001815:15,ABLO:PK0001815:15:R68,JP_21-R68-_-y05-58885-16-I-1,22:40:00,126,Saturday,338,tfl_21-R68-_-y05-58885_glMYlIz.xml
VJ_21-R68-_-y05-58885-14-Sa,PK0001815:15,ABLO:PK0001815:15:R68,JP_21-R68-_-y05-58885-18-I-1,06:50:00,12,Saturday,281,tfl_21-R68-_-y05-58885_glMYlIz.xml
VJ_21-R68-_-y05-58885-15-Sa,PK0001815:15,ABLO:PK0001815:15:R68,JP_21-R68-_-y05-58885-20-I-1,21:00:00,116,Saturday,333,tfl_21-R68-_-y05-58885_glMYlIz.xml
VJ_21-R68-_-y05-58885-16-Sa,PK0001815:15,ABLO:PK0001815:15:R68,JP_21-R68-_-y05-58885-20-I-1,21:20:00,118,Saturday,334,tfl_21-R68-_-y05-58885_glMYlIz.xml
VJ_21-R68-_-y05-58885-17-Sa,PK0001815:15,ABLO:PK0001815:15:R68,JP_21-R68-_-y05-58885-20-I-1,21:40:00,120,Saturday,335,tfl_21-R68-_-y05-58885_glMYlIz.xml
VJ_21-R68-_-y05-58885-18-Sa,PK0001815:15,ABLO:PK0001815:15:R68,JP_21-R68-_-y05-58885-25-I-1,07:10:00,14,Saturday,282,tfl_21-R68-_-y05-58885_glMYlIz.xml
VJ_21-R68-_-y05-58885-19-Sa,PK0001815:15,ABLO:PK0001815:15:R68,JP_21-R68-_-y05-58885-26-I-1,07:26:00,16,Saturday,283,tfl_21-R68-_-y05-58885_glMYlIz.xml
VJ_21-R68-_-y05-58885-20-Sa,PK0001815:15,ABLO:PK0001815:15:R68,JP_21-R68-_-y05-58885-27-I-1,07:42:00,18,Saturday,284,tfl_21-R68-_-y05-58885_glMYlIz.xml
VJ_21-R68-_-y05-58885-21-Sa,PK0001815:15,ABLO:PK0001815:15:R68,JP_21-R68-_-y05-58885-31-I-1,07:58:00,20,Saturday,285,tfl_21-R68-_-y05-58885_glMYlIz.xml
VJ_21-R68-_-y05-58885-22-Sa,PK0001815:15,ABLO:PK0001815:15:R68,JP_21-R68-_-y05-58885-34-I-1,08:14:00,22,Saturday,286,tfl_21-R68-_-y05-58885_glMYlIz.xml
VJ_21-R68-_-y05-58885-23-Sa,PK0001815:15,ABLO:PK0001815:15:R68,JP_21-R68-_-y05-58885-35-I-1,08:30:00,24,Saturday,287,tfl_21-R68-_-y05-58885_glMYlIz.xml
VJ_21-R68-_-y05-58885-24-Sa,PK0001815:15,ABLO:PK0001815:15:R68,JP_21-R68-_-y05-58885-37-I-1,20:40:00,114,Saturday,332,tfl_21-R68-_-y05-58885_glMYlIz.xml
VJ_21-R68-_-y05-58885-25-Sa,PK0001815:15,ABLO:PK0001815:15:R68,JP_21-R68-_-y05-58885-38-I-1,20:00:00,110,Saturday,330,tfl_21-R68-_-y05-58885_glMYlIz.xml
VJ_21-R68-_-y05-58885-26-Sa,PK0001815:15,ABLO:PK0001815:15:R68,JP_21-R68-_-y05-58885-38-I-1,20:20:00,112,Saturday,331,tfl_21-R68-_-y05-58885_glMYlIz.xml
VJ_21-R68-_-y05-58885-27-Sa,PK0001815:15,ABLO:PK0001815:15:R68,JP_21-R68-_-y05-58885-42-I-1,19:24:00,106,Saturday,328,tfl_21-R68-_-y05-58885_glMYlIz.xml
VJ_21-R68-_-y05-58885-28-Sa,PK0001815:15,ABLO:PK0001815:15:R68,JP_21-R68-_-y05-58885-42-I-1,19:40:00,108,Saturday,329,tfl_21-R68-_-y05-58885_glMYlIz.xml
VJ_21-R68-_-y05-58885-29-Sa,PK0001815:15,ABLO:PK0001815:15:R68,JP_21-R68-_-y05-58885-43-I-1,19:08:00,104,Saturday,327,tfl_21-R68-_-y05-58885_glMYlIz.xml
VJ_21-R68-_-y05-58885-30-Sa,PK0001815:15,ABLO:PK0001815:15:R68,JP_21-R68-_-y05-58885-47-I-1,08:46:00,26,Saturday,288,tfl_21-R68-_-y05-58885_glMYlIz.xml
VJ_21-R68-_-y05-58885-31-Sa,PK0001815:15,ABLO:PK0001815:15:R68,JP_21-R68-_-y05-58885-53-I-1,09:02:00,28,Saturday,289,tfl_21-R68-_-y05-58885_glMYlIz.xml
VJ_21-R68-_-y05-58885-32-Sa,PK0001815:15,ABLO:PK0001815:15:R68,JP_21-R68-_-y05-58885-54-I-1,09:18:00,30,Saturday,290,tfl_21-R68-_-y05-58885_glMYlIz.xml
VJ_21-R68-_-y05-58885-33-Sa,PK0001815:15,ABLO:PK0001815:15:R68,JP_21-R68-_-y05-58885-55-I-1,09:34:00,32,Saturday,291,tfl_21-R68-_-y05-58885_glMYlIz.xml
VJ_21-R68-_-y05-58885-34-Sa,PK0001815:15,ABLO:PK0001815:15:R68,JP_21-R68-_-y05-58885-56-I-1,09:50:00,34,Saturday,292,tfl_21-R68-_-y05-58885_glMYlIz.xml
VJ_21-R68-_-y05-58885-35-Sa,PK0001815:15,ABLO:PK0001815:15:R68,JP_21-R68-_-y05-58885-63-I-1,18:36:00,100,Saturday,325,tfl_21-R68-_-y05-58885_glMYlIz.xml
VJ_21-R68-_-y05-58885-36-Sa,PK0001815:15,ABLO:PK0001815:15:R68,JP_21-R68-_-y05-58885-63-I-1,18:52:00,102,Saturday,326,tfl_21-R68-_-y05-58885_glMYlIz.xml
VJ_21-R68-_-y05-58885-37-Sa,PK0001815:15,ABLO:PK0001815:15:R68,JP_21-R68-_-y05-58885-66-I-1,18:20:00,98,Saturday,324,tfl_21-R68-_-y05-58885_glMYlIz.xml
VJ_21-R68-_-y05-58885-38-Sa,PK0001815:15,ABLO:PK0001815:15:R68,JP_21-R68-_-y05-58885-67-I-1,18:04:00,96,Saturday,323,tfl_21-R68-_-y05-58885_glMYlIz.xml
VJ_21-R68-_-y05-58885-39-Sa,PK0001815:15,ABLO:PK0001815:15:R68,JP_21-R68-_-y05-58885-77-I-1,10:05:00,36,Saturday,293,tfl_21-R68-_-y05-58885_glMYlIz.xml
VJ_21-R68-_-y05-58885-40-Sa,PK0001815:15,ABLO:PK0001815:15:R68,JP_21-R68-_-y05-58885-78-I-1,10:20:00,38,Saturday,294,tfl_21-R68-_-y05-58885_glMYlIz.xml
VJ_21-R68-_-y05-58885-41-Sa,PK0001815:15,ABLO:PK0001815:15:R68,JP_21-R68-_-y05-58885-79-I-1,10:36:00,40,Saturday,295,tfl_21-R68-_-y05-58885_glMYlIz.xml
VJ_21-R68-_-y05-58885-42-Sa,PK0001815:15,ABLO:PK0001815:15:R68,JP_21-R68-_-y05-58885-80-I-1,10:52:00,42,Saturday,296,tfl_21-R68-_-y05-58885_glMYlIz.xml
VJ_21-R68-_-y05-58885-43-Sa,PK0001815:15,ABLO:PK0001815:15:R68,JP_21-R68-_-y05-58885-90-I-1,17:48:00,94,Saturday,322,tfl_21-R68-_-y05-58885_glMYlIz.xml
VJ_21-R68-_-y05-58885-44-Sa,PK0001815:15,ABLO:PK0001815:15:R68,JP_21-R68-_-y05-58885-91-I-1,17:32:00,92,Saturday,321,tfl_21-R68-_-y05-58885_glMYlIz.xml
VJ_21-R68-_-y05-58885-45-Sa,PK0001815:15,ABLO:PK0001815:15:R68,JP_21-R68-_-y05-58885-92-I-1,17:16:00,90,Saturday,320,tfl_21-R68-_-y05-58885_glMYlIz.xml
VJ_21-R68-_-y05-58885-46-Sa,PK0001815:15,ABLO:PK0001815:15:R68,JP_21-R68-_-y05-58885-93-I-1,17:00:00,88,Saturday,319,tfl_21-R68-_-y05-58885_glMYlIz.xml
VJ_21-R68-_-y05-58885-47-Sa,PK0001815:15,ABLO:PK0001815:15:R68,JP_21-R68-_-y05-58885-94-I-1,16:12:00,82,Saturday,316,tfl_21-R68-_-y05-58885_glMYlIz.xml
VJ_21-R68-_-y05-58885-48-Sa,PK0001815:15,ABLO:PK0001815:15:R68,JP_21-R68-_-y05-58885-94-I-1,16:28:00,84,Saturday,317,tfl_21-R68-_-y05-58885_glMYlIz.xml
VJ_21-R68-_-y05-58885-49-Sa,PK0001815:15,ABLO:PK0001815:15:R68,JP_21-R68-_-y05-58885-94-I-1,16:44:00,86,Saturday,318,tfl_21-R68-_-y05-58885_glMYlIz.xml
VJ_21-R68-_-y05-58885-50-Sa,PK0001815:15,ABLO:PK0001815:15:R68,JP_21-R68-_-y05-58885-98-I-1,11:08:00,44,Saturday,297,tfl_21-R68-_-y05-58885_glMYlIz.xml
VJ_21-R68-_-y05-58885-51-Sa,PK0001815:15,ABLO:PK0001815:15:R68,JP_21-R68-_-y05-58885-99-I-1,11:24:00,46,Saturday,298,tfl_21-R68-_-y05-58885_glMYlIz.xml
VJ_21-R68-_-y05-58885-52-Sa,PK0001815:15,ABLO:PK0001815:15:R68,JP_21-R68-_-y05-58885-99-I-1,11:40:00,48,Saturday,299,tfl_21-R68-_-y05-58885_glMYlIz.xml
VJ_21-R68-_-y05-58885-53-Sa,PK0001815:15,ABLO:PK0001815:15:R68,JP_21-R68-_-y05-58885-99-I-1,11:56:00,50,Saturday,300,tfl_21-R68-_-y05-58885_glMYlIz.xml
VJ_21-R68-_-y05-58885-54-Sa,PK0001815:15,ABLO:PK0001815:15:R68,JP_21-R68-_-y05-58885-100-I-1,15:40:00,78,Saturday,314,tfl_21-R68-_-y05-58885_glMYlIz.xml
VJ_21-R68-_-y05-58885-55-Sa,PK0001815:15,ABLO:PK0001815:15:R68,JP_21-R68-_-y05-58885-100-I-1,15:56:00,80,Saturday,315,tfl_21-R68-_-y05-58885_glMYlIz.xml
VJ_21-R68-_-y05-58885-56-Sa,PK0001815:15,ABLO:PK0001815:15:R68,JP_21-R68-_-y05-58885-101-I-1,15:24:00,76,Saturday,313,tfl_21-R68-_-y05-58885_glMYlIz.xml
VJ_21-R68-_-y05-58885-57-Sa,PK0001815:15,ABLO:PK0001815:15:R68,JP_21-R68-_-y05-58885-102-I-1,14:52:00,72,Saturday,311,tfl_21-R68-_-y05-58885_glMYlIz.xml
VJ_21-R68-_-y05-58885-58-Sa,PK0001815:15,ABLO:PK0001815:15:R68,JP_21-R68-_-y05-58885-102-I-1,15:08:00,74,Saturday,312,tfl_21-R68-_-y05-58885_glMYlIz.xml
VJ_21-R68-_-y05-58885-59-Sa,PK0001815:15,ABLO:PK0001815:15:R68,JP_21-R68-_-y05-58885-104-I-1,14:20:00,68,Saturday,309,tfl_21-R68-_-y05-58885_glMYlIz.xml
VJ_21-R68-_-y05-58885-60-Sa,PK0001815:15,ABLO:PK0001815:15:R68,JP_21-R68-_-y05-58885-104-I-1,14:36:00,70,Saturday,310,tfl_21-R68-_-y05-58885_glMYlIz.xml
VJ_21-R68-_-y05-58885-61-Sa,PK0001815:15,ABLO:PK0001815:15:R68,JP_21-R68-_-y05-58885-105-I-1,13:48:00,64,Saturday,307,tfl_21-R68-_-y05-58885_glMYlIz.xml
VJ_21-R68-_-y05-58885-62-Sa,PK0001815:15,ABLO:PK0001815:15:R68,JP_21-R68-_-y05-58885-105-I-1,14:04:00,66,Saturday,308,tfl_21-R68-_-y05-58885_glMYlIz.xml
VJ_21-R68-_-y05-58885-63-Sa,PK0001815:15,ABLO:PK0001815:15:R68,JP_21-R68-_-y05-58885-106-I-1,12:12:00,52,Saturday,301,tfl_21-R68-_-y05-58885_glMYlIz.xml
VJ_21-R68-_-y05-58885-64-Sa,PK0001815:15,ABLO:PK0001815:15:R68,JP_21-R68-_-y05-58885-107-I-1,12:28:00,54,Saturday,302,tfl_21-R68-_-y05-58885_glMYlIz.xml
VJ_21-R68-_-y05-58885-65-Sa,PK0001815:15,ABLO:PK0001815:15:R68,JP_21-R68-_-y05-58885-107-I-1,12:44:00,56,Saturday,303,tfl_21-R68-_-y05-58885_glMYlIz.xml
VJ_21-R68-_-y05-58885-66-Sa,PK0001815:15,ABLO:PK0001815:15:R68,JP_21-R68-_-y05-58885-107-I-1,13:00:00,58,Saturday,304,tfl_21-R68-_-y05-58885_glMYlIz.xml
VJ_21-R68-_-y05-58885-67-Sa,PK0001815:15,ABLO:PK0001815:15:R68,JP_21-R68-_-y05-58885-107-I-1,13:16:00,60,Saturday,305,tfl_21-R68-_-y05-58885_glMYlIz.xml
VJ_21-R68-_-y05-58885-68-Sa,PK0001815:15,ABLO:PK0001815:15:R68,JP_21-R68-_-y05-58885-107-I-1,13:32:00,62,Saturday,306,tfl_21-R68-_-y05-58885_glMYlIz.xml
VJ_21-R68-_-y05-58885-69-Sa,PK0001815:15,ABLO:PK0001815:15:R68,JP_21-R68-_-y05-58885-1-O-2,05:50:00,1,Saturday,71,tfl_21-R68-_-y05-58885_glMYlIz.xml
VJ_21-R68-_-y05-58885-70-Sa,PK0001815:15,ABLO:PK0001815:15:R68,JP_21-R68-_-y05-58885-1-O-2,06:10:00,3,Saturday,72,tfl_21-R68-_-y05-58885_glMYlIz.xml
VJ_21-R68-_-y05-58885-71-Sa,PK0001815:15,ABLO:PK0001815:15:R68,JP_21-R68-_-y05-58885-1-O-2,06:30:00,5,Saturday,73,tfl_21-R68-_-y05-58885_glMYlIz.xml
VJ_21-R68-_-y05-58885-72-Sa,PK0001815:15,ABLO:PK0001815:15:R68,JP_21-R68-_-y05-58885-3-O-2,06:50:00,7,Saturday,74,tfl_21-R68-_-y05-58885_glMYlIz.xml
VJ_21-R68-_-y05-58885-73-Sa,PK0001815:15,ABLO:PK0001815:15:R68,JP_21-R68-_-y05-58885-16-O-2,22:50:00,123,Saturday,132,tfl_21-R68-_-y05-58885_glMYlIz.xml
VJ_21-R68-_-y05-58885-74-Sa,PK0001815:15,ABLO:PK0001815:15:R68,JP_21-R68-_-y05-58885-16-O-2,23:10:00,125,Saturday,133,tfl_21-R68-_-y05-58885_glMYlIz.xml
VJ_21-R68-_-y05-58885-75-Sa,PK0001815:15,ABLO:PK0001815:15:R68,JP_21-R68-_-y05-58885-16-O-2,23:30:00,127,Saturday,134,tfl_21-R68-_-y05-58885_glMYlIz.xml
VJ_21-R68-_-y05-58885-76-Sa,PK0001815:15,ABLO:PK0001815:15:R68,JP_21-R68-_-y05-58885-16-O-2,23:50:00,129,Saturday,135,tfl_21-R68-_-y05-58885_glMYlIz.xml
VJ_21-R68-_-y05-58885-77-Sa,PK0001815:15,ABLO:PK0001815:15:R68,JP_21-R68-_-y05-58885-16-O-2,00:10:00,131,Saturday,136,tfl_21-R68-_-y05-58885_glMYlIz.xml
VJ_21-R68-_-y05-58885-78-Sa,PK0001815:15,ABLO:PK0001815:15:R68,JP_21-R68-_-y05-58885-16-O-2,00:30:00,133,Saturday,137,tfl_21-R68-_-y05-58885_glMYlIz.xml
VJ_21-R68-_-y05-58885-79-Sa,PK0001815:15,ABLO:PK0001815:15:R68,JP_21-R68-_-y05-58885-16-O-2,00:50:00,135,Saturday,138,tfl_21-R68-_-y05-58885_glMYlIz.xml
VJ_21-R68-_-y05-58885-80-Sa,PK0001815:15,ABLO:PK0001815:15:R68,JP_21-R68-_-y05-58885-16-O-2,01:10:00,137,Saturday,139,tfl_21-R68-_-y05-58885_glMYlIz.xml
VJ_21-R68-_-y05-58885-81-Sa,PK0001815:15,ABLO:PK0001815:15:R68,JP_21-R68-_-y05-58885-17-O-2,21:50:00,117,Saturday,129,tfl_21-R68-_-y05-58885_glMYlIz.xml
VJ_21-R68-_-y05-58885-82-Sa,PK0001815:15,ABLO:PK0001815:15:R68,JP_21-R68-_-y05-58885-17-O-2,22:10:00,119,Saturday,130,tfl_21-R68-_-y05-58885_glMYlIz.xml
VJ_21-R68-_-y05-58885-83-Sa,PK0001815:15,ABLO:PK0001815:15:R68,JP_21-R68-_-y05-58885-17-O-2,22:30:00,121,Saturday,131,tfl_21-R68-_-y05-58885_glMYlIz.xml
VJ_21-R68-_-y05-58885-84-Sa,PK0001815:15,ABLO:PK0001815:15:R68,JP_21-R68-_-y05-58885-19-O-2,21:30:00,115,Saturday,128,tfl_21-R68-_-y05-58885_glMYlIz.xml
VJ_21-R68-_-y05-58885-85-Sa,PK0001815:15,ABLO:PK0001815:15:R68,JP_21-R68-_-y05-58885-20-O-2,20:50:00,111,Saturday,126,tfl_21-R68-_-y05-58885_glMYlIz.xml
VJ_21-R68-_-y05-58885-86-Sa,PK0001815:15,ABLO:PK0001815:15:R68,JP_21-R68-_-y05-58885-20-O-2,21:10:00,113,Saturday,127,tfl_21-R68-_-y05-58885_glMYlIz.xml
VJ_21-R68-_-y05-58885-87-Sa,PK0001815:15,ABLO:PK0001815:15:R68,JP_21-R68-_-y05-58885-23-O-2,20:30:00,109,Saturday,125,tfl_21-R68-_-y05-58885_glMYlIz.xml
VJ_21-R68-_-y05-58885-88-Sa,PK0001815:15,ABLO:PK0001815:15:R68,JP_21-R68-_-y05-58885-24-O-2,20:10:00,107,Saturday,124,tfl_21-R68-_-y05-58885_glMYlIz.xml
VJ_21-R68-_-y05-58885-89-Sa,PK0001815:15,ABLO:PK0001815:15:R68,JP_21-R68-_-y05-58885-25-O-2,07:06:00,9,Saturday,75,tfl_21-R68-_-y05-58885_glMYlIz.xml
VJ_21-R68-_-y05-58885-90-Sa,PK0001815:15,ABLO:PK0001815:15:R68,JP_21-R68-_-y05-58885-26-O-2,07:22:00,11,Saturday,76,tfl_21-R68-_-y05-58885_glMYlIz.xml
VJ_21-R68-_-y05-58885-91-Sa,PK0001815:15,ABLO:PK0001815:15:R68,JP_21-R68-_-y05-58885-27-O-2,07:37:00,13,Saturday,77,tfl_21-R68-_-y05-58885_glMYlIz.xml
VJ_21-R68-_-y05-58885-92-Sa,PK0001815:15,ABLO:PK0001815:15:R68,JP_21-R68-_-y05-58885-34-O-2,07:52:00,15,Saturday,78,tfl_21-R68-_-y05-58885_glMYlIz.xml
VJ_21-R68-_-y05-58885-93-Sa,PK0001815:15,ABLO:PK0001815:15:R68,JP_21-R68-_-y05-58885-34-O-2,08:07:00,17,Saturday,79,tfl_21-R68-_-y05-58885_glMYlIz.xml
VJ_21-R68-_-y05-58885-94-Sa,PK0001815:15,ABLO:PK0001815:15:R68,JP_21-R68-_-y05-58885-34-O-2,08:22:00,19,Saturday,80,tfl_21-R68-_-y05-58885_glMYlIz.xml
VJ_21-R68-_-y05-58885-95-Sa,PK0001815:15,ABLO:PK0001815:15:R68,JP_21-R68-_-y05-58885-35-O-2,08:38:00,21,Saturday,81,tfl_21-R68-_-y05-58885_glMYlIz.xml
VJ_21-R68-_-y05-58885-96-Sa,PK0001815:15,ABLO:PK0001815:15:R68,JP_21-R68-_-y05-58885-37-O-2,08:54:00,23,Saturday,82,tfl_21-R68-_-y05-58885_glMYlIz.xml
VJ_21-R68-_-y05-58885-97-Sa,PK0001815:15,ABLO:PK0001815:15:R68,JP_21-R68-_-y05-58885-46-O-2,19:30:00,103,Saturday,122,tfl_21-R68-_-y05-58885_glMYlIz.xml
VJ_21-R68-_-y05-58885-98-Sa,PK0001815:15,ABLO:PK0001815:15:R68,JP_21-R68-_-y05-58885-46-O-2,19:50:00,105,Saturday,123,tfl_21-R68-_-y05-58885_glMYlIz.xml
VJ_21-R68-_-y05-58885-99-Sa,PK0001815:15,ABLO:PK0001815:15:R68,JP_21-R68-_-y05-58885-47-O-2,18:53:00,99,Saturday,120,tfl_21-R68-_-y05-58885_glMYlIz.xml
VJ_21-R68-_-y05-58885-100-Sa,PK0001815:15,ABLO:PK0001815:15:R68,JP_21-R68-_-y05-58885-47-O-2,19:10:00,101,Saturday,121,tfl_21-R68-_-y05-58885_glMYlIz.xml
VJ_21-R68-_-y05-58885-101-Sa,PK0001815:15,ABLO:PK0001815:15:R68,JP_21-R68-_-y05-58885-55-O-2,09:10:00,25,Saturday,83,tfl_21-R68-_-y05-58885_glMYlIz.xml
VJ_21-R68-_-y05-58885-102-Sa,PK0001815:15,ABLO:PK0001815:15:R68,JP_21-R68-_-y05-58885-58-O-2,09:26:00,27,Saturday,84,tfl_21-R68-_-y05-58885_glMYlIz.xml
VJ_21-R68-_-y05-58885-103-Sa,PK0001815:15,ABLO:PK0001815:15:R68,JP_21-R68-_-y05-58885-59-O-2,09:40:00,29,Saturday,85,tfl_21-R68-_-y05-58885_glMYlIz.xml
VJ_21-R68-_-y05-58885-104-Sa,PK0001815:15,ABLO:PK0001815:15:R68,JP_21-R68-_-y05-58885-60-O-2,09:53:00,31,Saturday,86,tfl_21-R68-_-y05-58885_glMYlIz.xml
VJ_21-R68-_-y05-58885-105-Sa,PK0001815:15,ABLO:PK0001815:15:R68,JP_21-R68-_-y05-58885-61-O-2,10:07:00,33,Saturday,87,tfl_21-R68-_-y05-58885_glMYlIz.xml
VJ_21-R68-_-y05-58885-106-Sa,PK0001815:15,ABLO:PK0001815:15:R68,JP_21-R68-_-y05-58885-61-O-2,10:21:00,35,Saturday,88,tfl_21-R68-_-y05-58885_glMYlIz.xml
VJ_21-R68-_-y05-58885-107-Sa,PK0001815:15,ABLO:PK0001815:15:R68,JP_21-R68-_-y05-58885-61-O-2,10:36:00,37,Saturday,89,tfl_21-R68-_-y05-58885_glMYlIz.xml
VJ_21-R68-_-y05-58885-108-Sa,PK0001815:15,ABLO:PK0001815:15:R68,JP_21-R68-_-y05-58885-68-O-2,18:37:00,97,Saturday,119,tfl_21-R68-_-y05-58885_glMYlIz.xml
VJ_21-R68-_-y05-58885-109-Sa,PK0001815:15,ABLO:PK0001815:15:R68,JP_21-R68-_-y05-58885-69-O-2,18:20:00,95,Saturday,118,tfl_21-R68-_-y05-58885_glMYlIz.xml
VJ_21-R68-_-y05-58885-110-Sa,PK0001815:15,ABLO:PK0001815:15:R68,JP_21-R68-_-y05-58885-70-O-2,17:48:00,91,Saturday,116,tfl_21-R68-_-y05-58885_glMYlIz.xml
VJ_21-R68-_-y05-58885-111-Sa,PK0001815:15,ABLO:PK0001815:15:R68,JP_21-R68-_-y05-58885-70-O-2,18:04:00,93,Saturday,117,tfl_21-R68-_-y05-58885_glMYlIz.xml
VJ_21-R68-_-y05-58885-112-Sa,PK0001815:15,ABLO:PK0001815:15:R68,JP_21-R68-_-y05-58885-71-O-2,17:32:00,89,Saturday,115,tfl_21-R68-_-y05-58885_glMYlIz.xml
VJ_21-R68-_-y05-58885-113-Sa,PK0001815:15,ABLO:PK0001815:15:R68,JP_21-R68-_-y05-58885-72-O-2,17:16:00,87,Saturday,114,tfl_21-R68-_-y05-58885_glMYlIz.xml
VJ_21-R68-_-y05-58885-114-Sa,PK0001815:15,ABLO:PK0001815:15:R68,JP_21-R68-_-y05-58885-73-O-2,17:00:00,85,Saturday,113,tfl_21-R68-_-y05-58885_glMYlIz.xml
VJ_21-R68-_-y05-58885-115-Sa,PK0001815:15,ABLO:PK0001815:15:R68,JP_21-R68-_-y05-58885-74-O-2,10:52:00,39,Saturday,90,tfl_21-R68-_-y05-58885_glMYlIz.xml
VJ_21-R68-_-y05-58885-116-Sa,PK0001815:15,ABLO:PK0001815:15:R68,JP_21-R68-_-y05-58885-87-O-2,11:08:00,41,Saturday,91,tfl_21-R68-_-y05-58885_glMYlIz.xml
VJ_21-R68-_-y05-58885-117-Sa,PK0001815:15,ABLO:PK0001815:15:R68,JP_21-R68-_-y05-58885-87-O-2,11:24:00,43,Saturday,92,tfl_21-R68-_-y05-58885_glMYlIz.xml
VJ_21-R68-_-y05-58885-118-Sa,PK0001815:15,ABLO:PK0001815:15:R68,JP_21-R68-_-y05-58885-88-O-2,16:28:00,81,Saturday,111,tfl_21-R68-_-y05-58885_glMYlIz.xml
VJ_21-R68-_-y05-58885-119-Sa,PK0001815:15,ABLO:PK0001815:15:R68,JP_21-R68-_-y05-58885-88-O-2,16:44:00,83,Saturday,112,tfl_21-R68-_-y05-58885_glMYlIz.xml
VJ_21-R68-_-y05-58885-120-Sa,PK0001815:15,ABLO:PK0001815:15:R68,JP_21-R68-_-y05-58885-89-O-2,14:04:00,63,Saturday,102,tfl_21-R68-_-y05-58885_glMYlIz.xml
VJ_21-R68-_-y05-58885-121-Sa,PK0001815:15,ABLO:PK0001815:15:R68,JP_21-R68-_-y05-58885-89-O-2,16:12:00,79,Saturday,110,tfl_21-R68-_-y05-58885_glMYlIz.xml
VJ_21-R68-_-y05-58885-122-Sa,PK0001815:15,ABLO:PK0001815:15:R68,JP_21-R68-_-y05-58885-90-O-2,13:00:00,55,Saturday,98,tfl_21-R68-_-y05-58885_glMYlIz.xml
VJ_21-R68-_-y05-58885-123-Sa,PK0001815:15,ABLO:PK0001815:15:R68,JP_21-R68-_-y05-58885-90-O-2,13:16:00,57,Saturday,99,tfl_21-R68-_-y05-58885_glMYlIz.xml
VJ_21-R68-_-y05-58885-124-Sa,PK0001815:15,ABLO:PK0001815:15:R68,JP_21-R68-_-y05-58885-90-O-2,13:32:00,59,Saturday,100,tfl_21-R68-_-y05-58885_glMYlIz.xml
VJ_21-R68-_-y05-58885-125-Sa,PK0001815:15,ABLO:PK0001815:15:R68,JP_21-R68-_-y05-58885-90-O-2,13:48:00,61,Saturday,101,tfl_21-R68-_-y05-58885_glMYlIz.xml
VJ_21-R68-_-y05-58885-126-Sa,PK0001815:15,ABLO:PK0001815:15:R68,JP_21-R68-_-y05-58885-91-O-2,12:12:00,49,Saturday,95,tfl_21-R68-_-y05-58885_glMYlIz.xml
VJ_21-R68-_-y05-58885-127-Sa,PK0001815:15,ABLO:PK0001815:15:R68,JP_21-R68-_-y05-58885-91-O-2,12:28:00,51,Saturday,96,tfl_21-R68-_-y05-58885_glMYlIz.xml
VJ_21-R68-_-y05-58885-128-Sa,PK0001815:15,ABLO:PK0001815:15:R68,JP_21-R68-_-y05-58885-91-O-2,12:44:00,53,Saturday,97,tfl_21-R68-_-y05-58885_glMYlIz.xml
VJ_21-R68-_-y05-58885-129-Sa,PK0001815:15,ABLO:PK0001815:15:R68,JP_21-R68-_-y05-58885-92-O-2,11:40:00,45,Saturday,93,tfl_21-R68-_-y05-58885_glMYlIz.xml
VJ_21-R68-_-y05-58885-130-Sa,PK0001815:15,ABLO:PK0001815:15:R68,JP_21-R68-_-y05-58885-92-O-2,11:56:00,47,Saturday,94,tfl_21-R68-_-y05-58885_glMYlIz.xml
VJ_21-R68-_-y05-58885-131-Sa,PK0001815:15,ABLO:PK0001815:15:R68,JP_21-R68-_-y05-58885-93-O-2,14:20:00,65,Saturday,103,tfl_21-R68-_-y05-58885_glMYlIz.xml
VJ_21-R68-_-y05-58885-132-Sa,PK0001815:15,ABLO:PK0001815:15:R68,JP_21-R68-_-y05-58885-93-O-2,14:36:00,67,Saturday,104,tfl_21-R68-_-y05-58885_glMYlIz.xml
VJ_21-R68-_-y05-58885-133-Sa,PK0001815:15,ABLO:PK0001815:15:R68,JP_21-R68-_-y05-58885-93-O-2,14:52:00,69,Saturday,105,tfl_21-R68-_-y05-58885_glMYlIz.xml
VJ_21-R68-_-y05-58885-134-Sa,PK0001815:15,ABLO:PK0001815:15:R68,JP_21-R68-_-y05-58885-93-O-2,15:08:00,71,Saturday,106,tfl_21-R68-_-y05-58885_glMYlIz.xml
VJ_21-R68-_-y05-58885-135-Sa,PK0001815:15,ABLO:PK0001815:15:R68,JP_21-R68-_-y05-58885-93-O-2,15:24:00,73,Saturday,107,tfl_21-R68-_-y05-58885_glMYlIz.xml
VJ_21-R68-_-y05-58885-136-Sa,PK0001815:15,ABLO:PK0001815:15:R68,JP_21-R68-_-y05-58885-93-O-2,15:40:00,75,Saturday,108,tfl_21-R68-_-y05-58885_glMYlIz.xml
VJ_21-R68-_-y05-58885-137-Sa,PK0001815:15,ABLO:PK0001815:15:R68,JP_21-R68-_-y05-58885-93-O-2,15:56:00,77,Saturday,109,tfl_21-R68-_-y05-58885_glMYlIz.xml
VJ_21-R68-_-y05-58885-1-Su,PK0001815:15,ABLO:PK0001815:15:R68,JP_21-R68-_-y05-58885-1-I-1,06:05:00,2,Sunday,344,tfl_21-R68-_-y05-58885_glMYlIz.xml
VJ_21-R68-_-y05-58885-2-Su,PK0001815:15,ABLO:PK0001815:15:R68,JP_21-R68-_-y05-58885-1-I-1,06:35:00,4,Sunday,345,tfl_21-R68-_-y05-58885_glMYlIz.xml
VJ_21-R68-_-y05-58885-3-Su,PK0001815:15,ABLO:PK0001815:15:R68,JP_21-R68-_-y05-58885-1-I-1,06:55:00,6,Sunday,346,tfl_21-R68-_-y05-58885_glMYlIz.xml
VJ_21-R68-_-y05-58885-4-Su,PK0001815:15,ABLO:PK0001815:15:R68,JP_21-R68-_-y05-58885-1-I-1,07:15:00,8,Sunday,347,tfl_21-R68-_-y05-58885_glMYlIz.xml
VJ_21-R68-_-y05-58885-5-Su,PK0001815:15,ABLO:PK0001815:15:R68,JP_21-R68-_-y05-58885-1-I-1,22:40:00,118,Sunday,402,tfl_21-R68-_-y05-58885_glMYlIz.xml
VJ_21-R68-_-y05-58885-6-Su,PK0001815:15,ABLO:PK0001815:15:R68,JP_21-R68-_-y05-58885-2-I-1,07:35:00,10,Sunday,348,tfl_21-R68-_-y05-58885_glMYlIz.xml
VJ_21-R68-_-y05-58885-7-Su,PK0001815:15,ABLO:PK0001815:15:R68,JP_21-R68-_-y05-58885-3-I-1,22:00:00,114,Sunday,400,tfl_21-R68-_-y05-58885_glMYlIz.xml
VJ_21-R68-_-y05-58885-8-Su,PK0001815:15,ABLO:PK0001815:15:R68,JP_21-R68-_-y05-58885-3-I-1,22:20:00,116,Sunday,401,tfl_21-R68-_-y05-58885_glMYlIz.xml
VJ_21-R68-_-y05-58885-9-Su,PK0001815:15,ABLO:PK0001815:15:R68,JP_21-R68-_-y05-58885-4-I-1,07:55:00,12,Sunday,349,tfl_21-R68-_-y05-58885_glMYlIz.xml
VJ_21-R68-_-y05-58885-10-Su,PK0001815:15,ABLO:PK0001815:15:R68,JP_21-R68-_-y05-58885-6-I-1,23:00:00,120,Sunday,403,tfl_21-R68-_-y05-58885_glMYlIz.xml
VJ_21-R68-_-y05-58885-11-Su,PK0001815:15,ABLO:PK0001815:15:R68,JP_21-R68-_-y05-58885-6-I-1,23:20:00,122,Sunday,404,tfl_21-R68-_-y05-58885_glMYlIz.xml
VJ_21-R68-_-y05-58885-12-Su,PK0001815:15,ABLO:PK0001815:15:R68,JP_21-R68-_-y05-58885-6-I-1,23:40:00,124,Sunday,405,tfl_21-R68-_-y05-58885_glMYlIz.xml
VJ_21-R68-_-y05-58885-13-Su,PK0001815:15,ABLO:PK0001815:15:R68,JP_21-R68-_-y05-58885-6-I-1,00:00:00,126,Sunday,406,tfl_21-R68-_-y05-58885_glMYlIz.xml
VJ_21-R68-_-y05-58885-14-Su,PK0001815:15,ABLO:PK0001815:15:R68,JP_21-R68-_-y05-58885-6-I-1,00:20:00,128,Sunday,407,tfl_21-R68-_-y05-58885_glMYlIz.xml
VJ_21-R68-_-y05-58885-15-Su,PK0001815:15,ABLO:PK0001815:15:R68,JP_21-R68-_-y05-58885-7-I-1,21:00:00,108,Sunday,397,tfl_21-R68-_-y05-58885_glMYlIz.xml
VJ_21-R68-_-y05-58885-16-Su,PK0001815:15,ABLO:PK0001815:15:R68,JP_21-R68-_-y05-58885-7-I-1,21:20:00,110,Sunday,398,tfl_21-R68-_-y05-58885_glMYlIz.xml
VJ_21-R68-_-y05-58885-17-Su,PK0001815:15,ABLO:PK0001815:15:R68,JP_21-R68-_-y05-58885-7-I-1,21:40:00,112,Sunday,399,tfl_21-R68-_-y05-58885_glMYlIz.xml
VJ_21-R68-_-y05-58885-20-Su,PK0001815:15,ABLO:PK0001815:15:R68,JP_21-R68-_-y05-58885-10-I-1,20:40:00,106,Sunday,396,tfl_21-R68-_-y05-58885_glMYlIz.xml
VJ_21-R68-_-y05-58885-21-Su,PK0001815:15,ABLO:PK0001815:15:R68,JP_21-R68-_-y05-58885-11-I-1,20:00:00,102,Sunday,394,tfl_21-R68-_-y05-58885_glMYlIz.xml
VJ_21-R68-_-y05-58885-22-Su,PK0001815:15,ABLO:PK0001815:15:R68,JP_21-R68-_-y05-58885-11-I-1,20:20:00,104,Sunday,395,tfl_21-R68-_-y05-58885_glMYlIz.xml
VJ_21-R68-_-y05-58885-29-Su,PK0001815:15,ABLO:PK0001815:15:R68,JP_21-R68-_-y05-58885-14-I-1,08:15:00,14,Sunday,350,tfl_21-R68-_-y05-58885_glMYlIz.xml
VJ_21-R68-_-y05-58885-30-Su,PK0001815:15,ABLO:PK0001815:15:R68,JP_21-R68-_-y05-58885-14-I-1,08:35:00,16,Sunday,351,tfl_21-R68-_-y05-58885_glMYlIz.xml
VJ_21-R68-_-y05-58885-34-Su,PK0001815:15,ABLO:PK0001815:15:R68,JP_21-R68-_-y05-58885-17-I-1,08:50:00,18,Sunday,352,tfl_21-R68-_-y05-58885_glMYlIz.xml
VJ_21-R68-_-y05-58885-38-Su,PK0001815:15,ABLO:PK0001815:15:R68,JP_21-R68-_-y05-58885-21-I-1,19:40:00,100,Sunday,393,tfl_21-R68-_-y05-58885_glMYlIz.xml
VJ_21-R68-_-y05-58885-39-Su,PK0001815:15,ABLO:PK0001815:15:R68,JP_21-R68-_-y05-58885-22-I-1,18:44:00,94,Sunday,390,tfl_21-R68-_-y05-58885_glMYlIz.xml
VJ_21-R68-_-y05-58885-40-Su,PK0001815:15,ABLO:PK0001815:15:R68,JP_21-R68-_-y05-58885-22-I-1,19:00:00,96,Sunday,391,tfl_21-R68-_-y05-58885_glMYlIz.xml
VJ_21-R68-_-y05-58885-41-Su,PK0001815:15,ABLO:PK0001815:15:R68,JP_21-R68-_-y05-58885-22-I-1,19:20:00,98,Sunday,392,tfl_21-R68-_-y05-58885_glMYlIz.xml
VJ_21-R68-_-y05-58885-42-Su,PK0001815:15,ABLO:PK0001815:15:R68,JP_21-R68-_-y05-58885-23-I-1,18:28:00,92,Sunday,389,tfl_21-R68-_-y05-58885_glMYlIz.xml
VJ_21-R68-_-y05-58885-43-Su,PK0001815:15,ABLO:PK0001815:15:R68,JP_21-R68-_-y05-58885-24-I-1,18:12:00,90,Sunday,388,tfl_21-R68-_-y05-58885_glMYlIz.xml
VJ_21-R68-_-y05-58885-45-Su,PK0001815:15,ABLO:PK0001815:15:R68,JP_21-R68-_-y05-58885-29-I-1,09:05:00,20,Sunday,353,tfl_21-R68-_-y05-58885_glMYlIz.xml
VJ_21-R68-_-y05-58885-46-Su,PK0001815:15,ABLO:PK0001815:15:R68,JP_21-R68-_-y05-58885-29-I-1,09:20:00,22,Sunday,354,tfl_21-R68-_-y05-58885_glMYlIz.xml
VJ_21-R68-_-y05-58885-47-Su,PK0001815:15,ABLO:PK0001815:15:R68,JP_21-R68-_-y05-58885-30-I-1,09:35:00,24,Sunday,355,tfl_21-R68-_-y05-58885_glMYlIz.xml
VJ_21-R68-_-y05-58885-48-Su,PK0001815:15,ABLO:PK0001815:15:R68,JP_21-R68-_-y05-58885-32-I-1,09:50:00,26,Sunday,356,tfl_21-R68-_-y05-58885_glMYlIz.xml
VJ_21-R68-_-y05-58885-49-Su,PK0001815:15,ABLO:PK0001815:15:R68,JP_21-R68-_-y05-58885-33-I-1,17:56:00,88,Sunday,387,tfl_21-R68-_-y05-58885_glMYlIz.xml
VJ_21-R68-_-y05-58885-51-Su,PK0001815:15,ABLO:PK0001815:15:R68,JP_21-R68-_-y05-58885-35-I-1,17:40:00,86,Sunday,386,tfl_21-R68-_-y05-58885_glMYlIz.xml
VJ_21-R68-_-y05-58885-56-Su,PK0001815:15,ABLO:PK0001815:15:R68,JP_21-R68-_-y05-58885-39-I-1,17:24:00,84,Sunday,385,tfl_21-R68-_-y05-58885_glMYlIz.xml
VJ_21-R68-_-y05-58885-57-Su,PK0001815:15,ABLO:PK0001815:15:R68,JP_21-R68-_-y05-58885-40-I-1,17:08:00,82,Sunday,384,tfl_21-R68-_-y05-58885_glMYlIz.xml
VJ_21-R68-_-y05-58885-59-Su,PK0001815:15,ABLO:PK0001815:15:R68,JP_21-R68-_-y05-58885-43-I-1,10:05:00,28,Sunday,357,tfl_21-R68-_-y05-58885_glMYlIz.xml
VJ_21-R68-_-y05-58885-60-Su,PK0001815:15,ABLO:PK0001815:15:R68,JP_21-R68-_-y05-58885-44-I-1,10:18:00,30,Sunday,358,tfl_21-R68-_-y05-58885_glMYlIz.xml
VJ_21-R68-_-y05-58885-61-Su,PK0001815:15,ABLO:PK0001815:15:R68,JP_21-R68-_-y05-58885-45-I-1,10:31:00,32,Sunday,359,tfl_21-R68-_-y05-58885_glMYlIz.xml
VJ_21-R68-_-y05-58885-62-Su,PK0001815:15,ABLO:PK0001815:15:R68,JP_21-R68-_-y05-58885-45-I-1,10:44:00,34,Sunday,360,tfl_21-R68-_-y05-58885_glMYlIz.xml
VJ_21-R68-_-y05-58885-63-Su,PK0001815:15,ABLO:PK0001815:15:R68,JP_21-R68-_-y05-58885-45-I-1,11:00:00,36,Sunday,361,tfl_21-R68-_-y05-58885_glMYlIz.xml
VJ_21-R68-_-y05-58885-64-Su,PK0001815:15,ABLO:PK0001815:15:R68,JP_21-R68-_-y05-58885-45-I-1,11:16:00,38,Sunday,362,tfl_21-R68-_-y05-58885_glMYlIz.xml
VJ_21-R68-_-y05-58885-65-Su,PK0001815:15,ABLO:PK0001815:15:R68,JP_21-R68-_-y05-58885-46-I-1,11:32:00,40,Sunday,363,tfl_21-R68-_-y05-58885_glMYlIz.xml
VJ_21-R68-_-y05-58885-66-Su,PK0001815:15,ABLO:PK0001815:15:R68,JP_21-R68-_-y05-58885-48-I-1,11:48:00,42,Sunday,364,tfl_21-R68-_-y05-58885_glMYlIz.xml
VJ_21-R68-_-y05-58885-71-Su,PK0001815:15,ABLO:PK0001815:15:R68,JP_21-R68-_-y05-58885-57-I-1,16:36:00,78,Sunday,382,tfl_21-R68-_-y05-58885_glMYlIz.xml
VJ_21-R68-_-y05-58885-72-Su,PK0001815:15,ABLO:PK0001815:15:R68,JP_21-R68-_-y05-58885-57-I-1,16:52:00,80,Sunday,383,tfl_21-R68-_-y05-58885_glMYlIz.xml
VJ_21-R68-_-y05-58885-73-Su,PK0001815:15,ABLO:PK0001815:15:R68,JP_21-R68-_-y05-58885-58-I-1,16:20:00,76,Sunday,381,tfl_21-R68-_-y05-58885_glMYlIz.xml
VJ_21-R68-_-y05-58885-74-Su,PK0001815:15,ABLO:PK0001815:15:R68,JP_21-R68-_-y05-58885-59-I-1,15:48:00,72,Sunday,379,tfl_21-R68-_-y05-58885_glMYlIz.xml
VJ_21-R68-_-y05-58885-75-Su,PK0001815:15,ABLO:PK0001815:15:R68,JP_21-R68-_-y05-58885-59-I-1,16:04:00,74,Sunday,380,tfl_21-R68-_-y05-58885_glMYlIz.xml
VJ_21-R68-_-y05-58885-76-Su,PK0001815:15,ABLO:PK0001815:15:R68,JP_21-R68-_-y05-58885-60-I-1,15:32:00,70,Sunday,378,tfl_21-R68-_-y05-58885_glMYlIz.xml
VJ_21-R68-_-y05-58885-77-Su,PK0001815:15,ABLO:PK0001815:15:R68,JP_21-R68-_-y05-58885-61-I-1,15:16:00,68,Sunday,377,tfl_21-R68-_-y05-58885_glMYlIz.xml
VJ_21-R68-_-y05-58885-78-Su,PK0001815:15,ABLO:PK0001815:15:R68,JP_21-R68-_-y05-58885-62-I-1,13:56:00,58,Sunday,372,tfl_21-R68-_-y05-58885_glMYlIz.xml
VJ_21-R68-_-y05-58885-79-Su,PK0001815:15,ABLO:PK0001815:15:R68,JP_21-R68-_-y05-58885-62-I-1,14:12:00,60,Sunday,373,tfl_21-R68-_-y05-58885_glMYlIz.xml
VJ_21-R68-_-y05-58885-80-Su,PK0001815:15,ABLO:PK0001815:15:R68,JP_21-R68-_-y05-58885-62-I-1,14:28:00,62,Sunday,374,tfl_21-R68-_-y05-58885_glMYlIz.xml
VJ_21-R68-_-y05-58885-81-Su,PK0001815:15,ABLO:PK0001815:15:R68,JP_21-R68-_-y05-58885-62-I-1,14:44:00,64,Sunday,375,tfl_21-R68-_-y05-58885_glMYlIz.xml
VJ_21-R68-_-y05-58885-82-Su,PK0001815:15,ABLO:PK0001815:15:R68,JP_21-R68-_-y05-58885-62-I-1,15:00:00,66,Sunday,376,tfl_21-R68-_-y05-58885_glMYlIz.xml
VJ_21-R68-_-y05-58885-83-Su,PK0001815:15,ABLO:PK0001815:15:R68,JP_21-R68-_-y05-58885-64-I-1,12:52:00,50,Sunday,368,tfl_21-R68-_-y05-58885_glMYlIz.xml
VJ_21-R68-_-y05-58885-84-Su,PK0001815:15,ABLO:PK0001815:15:R68,JP_21-R68-_-y05-58885-64-I-1,13:08:00,52,Sunday,369,tfl_21-R68-_-y05-58885_glMYlIz.xml
VJ_21-R68-_-y05-58885-85-Su,PK0001815:15,ABLO:PK0001815:15:R68,JP_21-R68-_-y05-58885-64-I-1,13:24:00,54,Sunday,370,tfl_21-R68-_-y05-58885_glMYlIz.xml
VJ_21-R68-_-y05-58885-86-Su,PK0001815:15,ABLO:PK0001815:15:R68,JP_21-R68-_-y05-58885-65-I-1,13:40:00,56,Sunday,371,tfl_21-R68-_-y05-58885_glMYlIz.xml
VJ_21-R68-_-y05-58885-87-Su,PK0001815:15,ABLO:PK0001815:15:R68,JP_21-R68-_-y05-58885-68-I-1,12:04:00,44,Sunday,365,tfl_21-R68-_-y05-58885_glMYlIz.xml
VJ_21-R68-_-y05-58885-88-Su,PK0001815:15,ABLO:PK0001815:15:R68,JP_21-R68-_-y05-58885-68-I-1,12:20:00,46,Sunday,366,tfl_21-R68-_-y05-58885_glMYlIz.xml
VJ_21-R68-_-y05-58885-89-Su,PK0001815:15,ABLO:PK0001815:15:R68,JP_21-R68-_-y05-58885-69-I-1,12:36:00,48,Sunday,367,tfl_21-R68-_-y05-58885_glMYlIz.xml
VJ_21-R68-_-y05-58885-135-Su,PK0001815:15,ABLO:PK0001815:15:R68,JP_21-R68-_-y05-58885-2-O-2,06:40:00,1,Sunday,140,tfl_21-R68-_-y05-58885_glMYlIz.xml
VJ_21-R68-_-y05-58885-136-Su,PK0001815:15,ABLO:PK0001815:15:R68,JP_21-R68-_-y05-58885-4-O-2,07:00:00,3,Sunday,141,tfl_21-R68-_-y05-58885_glMYlIz.xml
VJ_21-R68-_-y05-58885-137-Su,PK0001815:15,ABLO:PK0001815:15:R68,JP_21-R68-_-y05-58885-4-O-2,07:20:00,5,Sunday,142,tfl_21-R68-_-y05-58885_glMYlIz.xml
VJ_21-R68-_-y05-58885-138-Su,PK0001815:15,ABLO:PK0001815:15:R68,JP_21-R68-_-y05-58885-5-O-2,07:40:00,7,Sunday,143,tfl_21-R68-_-y05-58885_glMYlIz.xml
VJ_21-R68-_-y05-58885-139-Su,PK0001815:15,ABLO:PK0001815:15:R68,JP_21-R68-_-y05-58885-5-O-2,22:50:00,117,Sunday,198,tfl_21-R68-_-y05-58885_glMYlIz.xml
VJ_21-R68-_-y05-58885-140-Su,PK0001815:15,ABLO:PK0001815:15:R68,JP_21-R68-_-y05-58885-5-O-2,23:10:00,119,Sunday,199,tfl_21-R68-_-y05-58885_glMYlIz.xml
VJ_21-R68-_-y05-58885-141-Su,PK0001815:15,ABLO:PK0001815:15:R68,JP_21-R68-_-y05-58885-5-O-2,23:30:00,121,Sunday,200,tfl_21-R68-_-y05-58885_glMYlIz.xml
VJ_21-R68-_-y05-58885-142-Su,PK0001815:15,ABLO:PK0001815:15:R68,JP_21-R68-_-y05-58885-5-O-2,23:50:00,123,Sunday,201,tfl_21-R68-_-y05-58885_glMYlIz.xml
VJ_21-R68-_-y05-58885-143-Su,PK0001815:15,ABLO:PK0001815:15:R68,JP_21-R68-_-y05-58885-5-O-2,00:10:00,125,Sunday,202,tfl_21-R68-_-y05-58885_glMYlIz.xml
VJ_21-R68-_-y05-58885-144-Su,PK0001815:15,ABLO:PK0001815:15:R68,JP_21-R68-_-y05-58885-5-O-2,00:30:00,127,Sunday,203,tfl_21-R68-_-y05-58885_glMYlIz.xml
VJ_21-R68-_-y05-58885-145-Su,PK0001815:15,ABLO:PK0001815:15:R68,JP_21-R68-_-y05-58885-5-O-2,00:50:00,129,Sunday,204,tfl_21-R68-_-y05-58885_glMYlIz.xml
VJ_21-R68-_-y05-58885-146-Su,PK0001815:15,ABLO:PK0001815:15:R68,JP_21-R68-_-y05-58885-5-O-2,01:10:00,131,Sunday,205,tfl_21-R68-_-y05-58885_glMYlIz.xml
VJ_21-R68-_-y05-58885-147-Su,PK0001815:15,ABLO:PK0001815:15:R68,JP_21-R68-_-y05-58885-6-O-2,21:50:00,111,Sunday,195,tfl_21-R68-_-y05-58885_glMYlIz.xml
VJ_21-R68-_-y05-58885-148-Su,PK0001815:15,ABLO:PK0001815:15:R68,JP_21-R68-_-y05-58885-6-O-2,22:10:00,113,Sunday,196,tfl_21-R68-_-y05-58885_glMYlIz.xml
VJ_21-R68-_-y05-58885-149-Su,PK0001815:15,ABLO:PK0001815:15:R68,JP_21-R68-_-y05-58885-6-O-2,22:30:00,115,Sunday,197,tfl_21-R68-_-y05-58885_glMYlIz.xml
VJ_21-R68-_-y05-58885-150-Su,PK0001815:15,ABLO:PK0001815:15:R68,JP_21-R68-_-y05-58885-7-O-2,08:00:00,9,Sunday,144,tfl_21-R68-_-y05-58885_glMYlIz.xml
VJ_21-R68-_-y05-58885-151-Su,PK0001815:15,ABLO:PK0001815:15:R68,JP_21-R68-_-y05-58885-7-O-2,08:15:00,11,Sunday,145,tfl_21-R68-_-y05-58885_glMYlIz.xml
VJ_21-R68-_-y05-58885-152-Su,PK0001815:15,ABLO:PK0001815:15:R68,JP_21-R68-_-y05-58885-8-O-2,08:30:00,13,Sunday,146,tfl_21-R68-_-y05-58885_glMYlIz.xml
VJ_21-R68-_-y05-58885-153-Su,PK0001815:15,ABLO:PK0001815:15:R68,JP_21-R68-_-y05-58885-9-O-2,21:10:00,107,Sunday,193,tfl_21-R68-_-y05-58885_glMYlIz.xml
VJ_21-R68-_-y05-58885-154-Su,PK0001815:15,ABLO:PK0001815:15:R68,JP_21-R68-_-y05-58885-9-O-2,21:30:00,109,Sunday,194,tfl_21-R68-_-y05-58885_glMYlIz.xml
VJ_21-R68-_-y05-58885-155-Su,PK0001815:15,ABLO:PK0001815:15:R68,JP_21-R68-_-y05-58885-10-O-2,08:45:00,15,Sunday,147,tfl_21-R68-_-y05-58885_glMYlIz.xml
VJ_21-R68-_-y05-58885-164-Su,PK0001815:15,ABLO:PK0001815:15:R68,JP_21-R68-_-y05-58885-13-O-2,20:30:00,103,Sunday,191,tfl_21-R68-_-y05-58885_glMYlIz.xml
VJ_21-R68-_-y05-58885-165-Su,PK0001815:15,ABLO:PK0001815:15:R68,JP_21-R68-_-y05-58885-13-O-2,20:50:00,105,Sunday,192,tfl_21-R68-_-y05-58885_glMYlIz.xml
VJ_21-R68-_-y05-58885-166-Su,PK0001815:15,ABLO:PK0001815:15:R68,JP_21-R68-_-y05-58885-14-O-2,20:10:00,101,Sunday,190,tfl_21-R68-_-y05-58885_glMYlIz.xml
VJ_21-R68-_-y05-58885-179-Su,PK0001815:15,ABLO:PK0001815:15:R68,JP_21-R68-_-y05-58885-31-O-2,09:00:00,17,Sunday,148,tfl_21-R68-_-y05-58885_glMYlIz.xml
VJ_21-R68-_-y05-58885-180-Su,PK0001815:15,ABLO:PK0001815:15:R68,JP_21-R68-_-y05-58885-31-O-2,09:15:00,19,Sunday,149,tfl_21-R68-_-y05-58885_glMYlIz.xml
VJ_21-R68-_-y05-58885-181-Su,PK0001815:15,ABLO:PK0001815:15:R68,JP_21-R68-_-y05-58885-32-O-2,09:30:00,21,Sunday,150,tfl_21-R68-_-y05-58885_glMYlIz.xml
VJ_21-R68-_-y05-58885-182-Su,PK0001815:15,ABLO:PK0001815:15:R68,JP_21-R68-_-y05-58885-33-O-2,09:43:00,23,Sunday,151,tfl_21-R68-_-y05-58885_glMYlIz.xml
VJ_21-R68-_-y05-58885-183-Su,PK0001815:15,ABLO:PK0001815:15:R68,JP_21-R68-_-y05-58885-36-O-2,09:56:00,25,Sunday,152,tfl_21-R68-_-y05-58885_glMYlIz.xml
VJ_21-R68-_-y05-58885-185-Su,PK0001815:15,ABLO:PK0001815:15:R68,JP_21-R68-_-y05-58885-39-O-2,19:50:00,99,Sunday,189,tfl_21-R68-_-y05-58885_glMYlIz.xml
VJ_21-R68-_-y05-58885-186-Su,PK0001815:15,ABLO:PK0001815:15:R68,JP_21-R68-_-y05-58885-40-O-2,19:30:00,97,Sunday,188,tfl_21-R68-_-y05-58885_glMYlIz.xml
VJ_21-R68-_-y05-58885-187-Su,PK0001815:15,ABLO:PK0001815:15:R68,JP_21-R68-_-y05-58885-41-O-2,18:50:00,93,Sunday,186,tfl_21-R68-_-y05-58885_glMYlIz.xml
VJ_21-R68-_-y05-58885-188-Su,PK0001815:15,ABLO:PK0001815:15:R68,JP_21-R68-_-y05-58885-41-O-2,19:10:00,95,Sunday,187,tfl_21-R68-_-y05-58885_glMYlIz.xml
VJ_21-R68-_-y05-58885-190-Su,PK0001815:15,ABLO:PK0001815:15:R68,JP_21-R68-_-y05-58885-43-O-2,17:30:00,83,Sunday,181,tfl_21-R68-_-y05-58885_glMYlIz.xml
VJ_21-R68-_-y05-58885-191-Su,PK0001815:15,ABLO:PK0001815:15:R68,JP_21-R68-_-y05-58885-43-O-2,17:46:00,85,Sunday,182,tfl_21-R68-_-y05-58885_glMYlIz.xml
VJ_21-R68-_-y05-58885-192-Su,PK0001815:15,ABLO:PK0001815:15:R68,JP_21-R68-_-y05-58885-43-O-2,18:02:00,87,Sunday,183,tfl_21-R68-_-y05-58885_glMYlIz.xml
VJ_21-R68-_-y05-58885-193-Su,PK0001815:15,ABLO:PK0001815:15:R68,JP_21-R68-_-y05-58885-43-O-2,18:18:00,89,Sunday,184,tfl_21-R68-_-y05-58885_glMYlIz.xml
VJ_21-R68-_-y05-58885-194-Su,PK0001815:15,ABLO:PK0001815:15:R68,JP_21-R68-_-y05-58885-43-O-2,18:34:00,91,Sunday,185,tfl_21-R68-_-y05-58885_glMYlIz.xml
VJ_21-R68-_-y05-58885-195-Su,PK0001815:15,ABLO:PK0001815:15:R68,JP_21-R68-_-y05-58885-44-O-2,17:14:00,81,Sunday,180,tfl_21-R68-_-y05-58885_glMYlIz.xml
VJ_21-R68-_-y05-58885-196-Su,PK0001815:15,ABLO:PK0001815:15:R68,JP_21-R68-_-y05-58885-45-O-2,16:58:00,79,Sunday,179,tfl_21-R68-_-y05-58885_glMYlIz.xml
VJ_21-R68-_-y05-58885-197-Su,PK0001815:15,ABLO:PK0001815:15:R68,JP_21-R68-_-y05-58885-48-O-2,10:10:00,27,Sunday,153,tfl_21-R68-_-y05-58885_glMYlIz.xml
VJ_21-R68-_-y05-58885-198-Su,PK0001815:15,ABLO:PK0001815:15:R68,JP_21-R68-_-y05-58885-49-O-2,10:24:00,29,Sunday,154,tfl_21-R68-_-y05-58885_glMYlIz.xml
VJ_21-R68-_-y05-58885-199-Su,PK0001815:15,ABLO:PK0001815:15:R68,JP_21-R68-_-y05-58885-50-O-2,10:39:00,31,Sunday,155,tfl_21-R68-_-y05-58885_glMYlIz.xml
VJ_21-R68-_-y05-58885-200-Su,PK0001815:15,ABLO:PK0001815:15:R68,JP_21-R68-_-y05-58885-50-O-2,10:55:00,33,Sunday,156,tfl_21-R68-_-y05-58885_glMYlIz.xml
VJ_21-R68-_-y05-58885-201-Su,PK0001815:15,ABLO:PK0001815:15:R68,JP_21-R68-_-y05-58885-51-O-2,11:10:00,35,Sunday,157,tfl_21-R68-_-y05-58885_glMYlIz.xml
VJ_21-R68-_-y05-58885-202-Su,PK0001815:15,ABLO:PK0001815:15:R68,JP_21-R68-_-y05-58885-52-O-2,11:25:00,37,Sunday,158,tfl_21-R68-_-y05-58885_glMYlIz.xml
VJ_21-R68-_-y05-58885-203-Su,PK0001815:15,ABLO:PK0001815:15:R68,JP_21-R68-_-y05-58885-52-O-2,11:41:00,39,Sunday,159,tfl_21-R68-_-y05-58885_glMYlIz.xml
VJ_21-R68-_-y05-58885-204-Su,PK0001815:15,ABLO:PK0001815:15:R68,JP_21-R68-_-y05-58885-53-O-2,15:54:00,71,Sunday,175,tfl_21-R68-_-y05-58885_glMYlIz.xml
VJ_21-R68-_-y05-58885-205-Su,PK0001815:15,ABLO:PK0001815:15:R68,JP_21-R68-_-y05-58885-53-O-2,16:10:00,73,Sunday,176,tfl_21-R68-_-y05-58885_glMYlIz.xml
VJ_21-R68-_-y05-58885-206-Su,PK0001815:15,ABLO:PK0001815:15:R68,JP_21-R68-_-y05-58885-53-O-2,16:26:00,75,Sunday,177,tfl_21-R68-_-y05-58885_glMYlIz.xml
VJ_21-R68-_-y05-58885-207-Su,PK0001815:15,ABLO:PK0001815:15:R68,JP_21-R68-_-y05-58885-53-O-2,16:42:00,77,Sunday,178,tfl_21-R68-_-y05-58885_glMYlIz.xml
VJ_21-R68-_-y05-58885-211-Su,PK0001815:15,ABLO:PK0001815:15:R68,JP_21-R68-_-y05-58885-62-O-2,15:38:00,69,Sunday,174,tfl_21-R68-_-y05-58885_glMYlIz.xml
VJ_21-R68-_-y05-58885-212-Su,PK0001815:15,ABLO:PK0001815:15:R68,JP_21-R68-_-y05-58885-63-O-2,14:18:00,59,Sunday,169,tfl_21-R68-_-y05-58885_glMYlIz.xml
VJ_21-R68-_-y05-58885-213-Su,PK0001815:15,ABLO:PK0001815:15:R68,JP_21-R68-_-y05-58885-63-O-2,14:34:00,61,Sunday,170,tfl_21-R68-_-y05-58885_glMYlIz.xml
VJ_21-R68-_-y05-58885-214-Su,PK0001815:15,ABLO:PK0001815:15:R68,JP_21-R68-_-y05-58885-63-O-2,14:50:00,63,Sunday,171,tfl_21-R68-_-y05-58885_glMYlIz.xml
VJ_21-R68-_-y05-58885-215-Su,PK0001815:15,ABLO:PK0001815:15:R68,JP_21-R68-_-y05-58885-63-O-2,15:06:00,65,Sunday,172,tfl_21-R68-_-y05-58885_glMYlIz.xml
VJ_21-R68-_-y05-58885-216-Su,PK0001815:15,ABLO:PK0001815:15:R68,JP_21-R68-_-y05-58885-63-O-2,15:22:00,67,Sunday,173,tfl_21-R68-_-y05-58885_glMYlIz.xml
VJ_21-R68-_-y05-58885-217-Su,PK0001815:15,ABLO:PK0001815:15:R68,JP_21-R68-_-y05-58885-64-O-2,13:30:00,53,Sunday,166,tfl_21-R68-_-y05-58885_glMYlIz.xml
VJ_21-R68-_-y05-58885-218-Su,PK0001815:15,ABLO:PK0001815:15:R68,JP_21-R68-_-y05-58885-64-O-2,13:46:00,55,Sunday,167,tfl_21-R68-_-y05-58885_glMYlIz.xml
VJ_21-R68-_-y05-58885-219-Su,PK0001815:15,ABLO:PK0001815:15:R68,JP_21-R68-_-y05-58885-64-O-2,14:02:00,57,Sunday,168,tfl_21-R68-_-y05-58885_glMYlIz.xml
VJ_21-R68-_-y05-58885-220-Su,PK0001815:15,ABLO:PK0001815:15:R68,JP_21-R68-_-y05-58885-65-O-2,13:14:00,51,Sunday,165,tfl_21-R68-_-y05-58885_glMYlIz.xml
VJ_21-R68-_-y05-58885-221-Su,PK0001815:15,ABLO:PK0001815:15:R68,JP_21-R68-_-y05-58885-66-O-2,12:26:00,45,Sunday,162,tfl_21-R68-_-y05-58885_glMYlIz.xml
VJ_21-R68-_-y05-58885-222-Su,PK0001815:15,ABLO:PK0001815:15:R68,JP_21-R68-_-y05-58885-66-O-2,12:42:00,47,Sunday,163,tfl_21-R68-_-y05-58885_glMYlIz.xml
VJ_21-R68-_-y05-58885-223-Su,PK0001815:15,ABLO:PK0001815:15:R68,JP_21-R68-_-y05-58885-66-O-2,12:58:00,49,Sunday,164,tfl_21-R68-_-y05-58885_glMYlIz.xml
VJ_21-R68-_-y05-58885-224-Su,PK0001815:15,ABLO:PK0001815:15:R68,JP_21-R68-_-y05-58885-67-O-2,11:54:00,41,Sunday,160,tfl_21-R68-_-y05-58885_glMYlIz.xml
VJ_21-R68-_-y05-58885-225-Su,PK0001815:15,ABLO:PK0001815:15:R68,JP_21-R68-_-y05-58885-67-O-2,12:10:00,43,Sunday,161,tfl_21-R68-_-y05-58885_glMYlIz.xml
VJ_21-R68-_-y05-58885-1-MF,PK0001815:15,ABLO:PK0001815:15:R68,JP_21-R68-_-y05-58885-9-I-1,05:10:00,2,"Monday,Tuesday,Wednesday,Thursday,Friday",206,tfl_21-R68-_-y05-58885_glMYlIz.xml
VJ_21-R68-_-y05-58885-2-MF,PK0001815:15,ABLO:PK0001815:15:R68,JP_21-R68-_-y05-58885-9-I-1,05:25:00,4,"Monday,Tuesday,Wednesday,Thursday,Friday",207,tfl_21-R68-_-y05-58885_glMYlIz.xml
VJ_21-R68-_-y05-58885-3-MF,PK0001815:15,ABLO:PK0001815:15:R68,JP_21-R68-_-y05-58885-11-I-1,23:00:00,132,"Monday,Tuesday,Wednesday,Thursday,Friday",271,tfl_21-R68-_-y05-58885_glMYlIz.xml
VJ_21-R68-_-y05-58885-4-MF,PK0001815:15,ABLO:PK0001815:15:R68,JP_21-R68-_-y05-58885-11-I-1,23:20:00,134,"Monday,Tuesday,Wednesday,Thursday,Friday",272,tfl_21-R68-_-y05-58885_glMYlIz.xml
VJ_21-R68-_-y05-58885-5-MF,PK0001815:15,ABLO:PK0001815:15:R68,JP_21-R68-_-y05-58885-11-I-1,23:40:00,136,"Monday,Tuesday,Wednesday,Thursday,Friday",273,tfl_21-R68-_-y05-58885_glMYlIz.xml
VJ_21-R68-_-y05-58885-6-MF,PK0001815:15,ABLO:PK0001815:15:R68,JP_21-R68-_-y05-58885-11-I-1,00:00:00,138,"Monday,Tuesday,Wednesday,Thursday,Friday",274,tfl_21-R68-_-y05-58885_glMYlIz.xml
VJ_21-R68-_-y05-58885-7-MF,PK0001815:15,ABLO:PK0001815:15:R68,JP_21-R68-_-y05-58885-11-I-1,00:20:00,140,"Monday,Tuesday,Wednesday,Thursday,Friday",275,tfl_21-R68-_-y05-58885_glMYlIz.xml
VJ_21-R68-_-y05-58885-8-MF,PK0001815:15,ABLO:PK0001815:15:R68,JP_21-R68-_-y05-58885-13-I-1,05:40:00,6,"Monday,Tuesday,Wednesday,Thursday,Friday",208,tfl_21-R68-_-y05-58885_glMYlIz.xml
VJ_21-R68-_-y05-58885-9-MF,PK0001815:15,ABLO:PK0001815:15:R68,JP_21-R68-_-y05-58885-14-I-1,22:40:00,130,"Monday,Tuesday,Wednesday,Thursday,Friday",270,tfl_21-R68-_-y05-58885_glMYlIz.xml
VJ_21-R68-_-y05-58885-10-MF,PK0001815:15,ABLO:PK0001815:15:R68,JP_21-R68-_-y05-58885-15-I-1,22:00:00,126,"Monday,Tuesday,Wednesday,Thursday,Friday",268,tfl_21-R68-_-y05-58885_glMYlIz.xml
VJ_21-R68-_-y05-58885-11-MF,PK0001815:15,ABLO:PK0001815:15:R68,JP_21-R68-_-y05-58885-15-I-1,22:20:00,128,"Monday,Tuesday,Wednesday,Thursday,Friday",269,tfl_21-R68-_-y05-58885_glMYlIz.xml
VJ_21-R68-_-y05-58885-12-MF,PK0001815:15,ABLO:PK0001815:15:R68,JP_21-R68-_-y05-58885-19-I-1,21:40:00,124,"Monday,Tuesday,Wednesday,Thursday,Friday",267,tfl_21-R68-_-y05-58885_glMYlIz.xml
VJ_21-R68-_-y05-58885-13-MF,PK0001815:15,ABLO:PK0001815:15:R68,JP_21-R68-_-y05-58885-20-I-1,21:00:00,120,"Monday,Tuesday,Wednesday,Thursday,Friday",265,tfl_21-R68-_-y05-58885_glMYlIz.xml
VJ_21-R68-_-y05-58885-14-MF,PK0001815:15,ABLO:PK0001815:15:R68,JP_21-R68-_-y05-58885-20-I-1,21:20:00,122,"Monday,Tuesday,Wednesday,Thursday,Friday",266,tfl_21-R68-_-y05-58885_glMYlIz.xml
VJ_21-R68-_-y05-58885-15-MF,PK0001815:15,ABLO:PK0001815:15:R68,JP_21-R68-_-y05-58885-28-I-1,05:55:00,8,"Monday,Tuesday,Wednesday,Thursday,Friday",209,tfl_21-R68-_-y05-58885_glMYlIz.xml
VJ_21-R68-_-y05-58885-16-MF,PK0001815:15,ABLO:PK0001815:15:R68,JP_21-R68-_-y05-58885-35-I-1,06:09:00,10,"Monday,Tuesday,Wednesday,Thursday,Friday",210,tfl_21-R68-_-y05-58885_glMYlIz.xml
VJ_21-R68-_-y05-58885-17-MF,PK0001815:15,ABLO:PK0001815:15:R68,JP_21-R68-_-y05-58885-36-I-1,06:24:00,12,"Monday,Tuesday,Wednesday,Thursday,Friday",211,tfl_21-R68-_-y05-58885_glMYlIz.xml
VJ_21-R68-_-y05-58885-18-MF,PK0001815:15,ABLO:PK0001815:15:R68,JP_21-R68-_-y05-58885-37-I-1,20:40:00,118,"Monday,Tuesday,Wednesday,Thursday,Friday",264,tfl_21-R68-_-y05-58885_glMYlIz.xml
VJ_21-R68-_-y05-58885-19-MF,PK0001815:15,ABLO:PK0001815:15:R68,JP_21-R68-_-y05-58885-38-I-1,20:00:00,114,"Monday,Tuesday,Wednesday,Thursday,Friday",262,tfl_21-R68-_-y05-58885_glMYlIz.xml
VJ_21-R68-_-y05-58885-20-MF,PK0001815:15,ABLO:PK0001815:15:R68,JP_21-R68-_-y05-58885-38-I-1,20:20:00,116,"Monday,Tuesday,Wednesday,Thursday,Friday",263,tfl_21-R68-_-y05-58885_glMYlIz.xml
VJ_21-R68-_-y05-58885-21-MF,PK0001815:15,ABLO:PK0001815:15:R68,JP_21-R68-_-y05-58885-41-I-1,06:38:00,14,"Monday,Tuesday,Wednesday,Thursday,Friday",212,tfl_21-R68-_-y05-58885_glMYlIz.xml
VJ_21-R68-_-y05-58885-22-MF,PK0001815:15,ABLO:PK0001815:15:R68,JP_21-R68-_-y05-58885-49-I-1,06:51:00,16,"Monday,Tuesday,Wednesday,Thursday,Friday",213,tfl_21-R68-_-y05-58885_glMYlIz.xml
VJ_21-R68-_-y05-58885-23-MF,PK0001815:15,ABLO:PK0001815:15:R68,JP_21-R68-_-y05-58885-50-I-1,19:40:00,112,"Monday,Tuesday,Wednesday,Thursday,Friday",261,tfl_21-R68-_-y05-58885_glMYlIz.xml
VJ_21-R68-_-y05-58885-24-MF,PK0001815:15,ABLO:PK0001815:15:R68,JP_21-R68-_-y05-58885-51-I-1,19:20:00,110,"Monday,Tuesday,Wednesday,Thursday,Friday",260,tfl_21-R68-_-y05-58885_glMYlIz.xml
VJ_21-R68-_-y05-58885-25-MF,PK0001815:15,ABLO:PK0001815:15:R68,JP_21-R68-_-y05-58885-52-I-1,19:00:00,108,"Monday,Tuesday,Wednesday,Thursday,Friday",259,tfl_21-R68-_-y05-58885_glMYlIz.xml
VJ_21-R68-_-y05-58885-26-MF,PK0001815:15,ABLO:PK0001815:15:R68,JP_21-R68-_-y05-58885-70-I-1,18:43:00,106,"Monday,Tuesday,Wednesday,Thursday,Friday",258,tfl_21-R68-_-y05-58885_glMYlIz.xml
VJ_21-R68-_-y05-58885-27-MF,PK0001815:15,ABLO:PK0001815:15:R68,JP_21-R68-_-y05-58885-71-I-1,18:27:00,104,"Monday,Tuesday,Wednesday,Thursday,Friday",257,tfl_21-R68-_-y05-58885_glMYlIz.xml
VJ_21-R68-_-y05-58885-28-MF,PK0001815:15,ABLO:PK0001815:15:R68,JP_21-R68-_-y05-58885-72-I-1,09:58:00,40,"Monday,Tuesday,Wednesday,Thursday,Friday",225,tfl_21-R68-_-y05-58885_glMYlIz.xml
VJ_21-R68-_-y05-58885-29-MF,PK0001815:15,ABLO:PK0001815:15:R68,JP_21-R68-_-y05-58885-72-I-1,10:14:00,42,"Monday,Tuesday,Wednesday,Thursday,Friday",226,tfl_21-R68-_-y05-58885_glMYlIz.xml
VJ_21-R68-_-y05-58885-30-MF,PK0001815:15,ABLO:PK0001815:15:R68,JP_21-R68-_-y05-58885-72-I-1,10:30:00,44,"Monday,Tuesday,Wednesday,Thursday,Friday",227,tfl_21-R68-_-y05-58885_glMYlIz.xml
VJ_21-R68-_-y05-58885-31-MF,PK0001815:15,ABLO:PK0001815:15:R68,JP_21-R68-_-y05-58885-72-I-1,10:46:00,46,"Monday,Tuesday,Wednesday,Thursday,Friday",228,tfl_21-R68-_-y05-58885_glMYlIz.xml
VJ_21-R68-_-y05-58885-32-MF,PK0001815:15,ABLO:PK0001815:15:R68,JP_21-R68-_-y05-58885-72-I-1,11:02:00,48,"Monday,Tuesday,Wednesday,Thursday,Friday",229,tfl_21-R68-_-y05-58885_glMYlIz.xml
VJ_21-R68-_-y05-58885-33-MF,PK0001815:15,ABLO:PK0001815:15:R68,JP_21-R68-_-y05-58885-72-I-1,11:18:00,50,"Monday,Tuesday,Wednesday,Thursday,Friday",230,tfl_21-R68-_-y05-58885_glMYlIz.xml
VJ_21-R68-_-y05-58885-34-MF,PK0001815:15,ABLO:PK0001815:15:R68,JP_21-R68-_-y05-58885-72-I-1,11:34:00,52,"Monday,Tuesday,Wednesday,Thursday,Friday",231,tfl_21-R68-_-y05-58885_glMYlIz.xml
VJ_21-R68-_-y05-58885-35-MF,PK0001815:15,ABLO:PK0001815:15:R68,JP_21-R68-_-y05-58885-72-I-1,11:50:00,54,"Monday,Tuesday,Wednesday,Thursday,Friday",232,tfl_21-R68-_-y05-58885_glMYlIz.xml
VJ_21-R68-_-y05-58885-36-MF,PK0001815:15,ABLO:PK0001815:15:R68,JP_21-R68-_-y05-58885-72-I-1,12:06:00,56,"Monday,Tuesday,Wednesday,Thursday,Friday",233,tfl_21-R68-_-y05-58885_glMYlIz.xml
VJ_21-R68-_-y05-58885-37-MF,PK0001815:15,ABLO:PK0001815:15:R68,JP_21-R68-_-y05-58885-72-I-1,12:22:00,58,"Monday,Tuesday,Wednesday,Thursday,Friday",234,tfl_21-R68-_-y05-58885_glMYlIz.xml
VJ_21-R68-_-y05-58885-38-MF,PK0001815:15,ABLO:PK0001815:15:R68,JP_21-R68-_-y05-58885-72-I-1,12:38:00,60,"Monday,Tuesday,Wednesday,Thursday,Friday",235,tfl_21-R68-_-y05-58885_glMYlIz.xml
VJ_21-R68-_-y05-58885-39-MF,PK0001815:15,ABLO:PK0001815:15:R68,JP_21-R68-_-y05-58885-72-I-1,12:54:00,62,"Monday,Tuesday,Wednesday,Thursday,Friday",236,tfl_21-R68-_-y05-58885_glMYlIz.xml
VJ_21-R68-_-y05-58885-40-MF,PK0001815:15,ABLO:PK0001815:15:R68,JP_21-R68-_-y05-58885-72-I-1,13:10:00,64,"Monday,Tuesday,Wednesday,Thursday,Friday",237,tfl_21-R68-_-y05-58885_glMYlIz.xml
VJ_21-R68-_-y05-58885-41-MF,PK0001815:15,ABLO:PK0001815:15:R68,JP_21-R68-_-y05-58885-72-I-1,13:26:00,66,"Monday,Tuesday,Wednesday,Thursday,Friday",238,tfl_21-R68-_-y05-58885_glMYlIz.xml
VJ_21-R68-_-y05-58885-42-MF,PK0001815:15,ABLO:PK0001815:15:R68,JP_21-R68-_-y05-58885-73-I-1,18:11:00,102,"Monday,Tuesday,Wednesday,Thursday,Friday",256,tfl_21-R68-_-y05-58885_glMYlIz.xml
VJ_21-R68-_-y05-58885-43-MF,PK0001815:15,ABLO:PK0001815:15:R68,JP_21-R68-_-y05-58885-74-I-1,13:42:00,68,"Monday,Tuesday,Wednesday,Thursday,Friday",239,tfl_21-R68-_-y05-58885_glMYlIz.xml
VJ_21-R68-_-y05-58885-44-MF,PK0001815:15,ABLO:PK0001815:15:R68,JP_21-R68-_-y05-58885-74-I-1,13:58:00,70,"Monday,Tuesday,Wednesday,Thursday,Friday",240,tfl_21-R68-_-y05-58885_glMYlIz.xml
VJ_21-R68-_-y05-58885-45-MF,PK0001815:15,ABLO:PK0001815:15:R68,JP_21-R68-_-y05-58885-75-I-1,14:13:00,72,"Monday,Tuesday,Wednesday,Thursday,Friday",241,tfl_21-R68-_-y05-58885_glMYlIz.xml
VJ_21-R68-_-y05-58885-46-MF,PK0001815:15,ABLO:PK0001815:15:R68,JP_21-R68-_-y05-58885-76-I-1,14:28:00,74,"Monday,Tuesday,Wednesday,Thursday,Friday",242,tfl_21-R68-_-y05-58885_glMYlIz.xml
VJ_21-R68-_-y05-58885-47-MF,PK0001815:15,ABLO:PK0001815:15:R68,JP_21-R68-_-y05-58885-76-I-1,14:42:00,76,"Monday,Tuesday,Wednesday,Thursday,Friday",243,tfl_21-R68-_-y05-58885_glMYlIz.xml
VJ_21-R68-_-y05-58885-48-MF,PK0001815:15,ABLO:PK0001815:15:R68,JP_21-R68-_-y05-58885-76-I-1,14:58:00,78,"Monday,Tuesday,Wednesday,Thursday,Friday",244,tfl_21-R68-_-y05-58885_glMYlIz.xml
VJ_21-R68-_-y05-58885-49-MF,PK0001815:15,ABLO:PK0001815:15:R68,JP_21-R68-_-y05-58885-81-I-1,09:42:00,38,"Monday,Tuesday,Wednesday,Thursday,Friday",224,tfl_21-R68-_-y05-58885_glMYlIz.xml
VJ_21-R68-_-y05-58885-50-MF,PK0001815:15,ABLO:PK0001815:15:R68,JP_21-R68-_-y05-58885-82-I-1,09:10:00,34,"Monday,Tuesday,Wednesday,Thursday,Friday",222,tfl_21-R68-_-y05-58885_glMYlIz.xml
VJ_21-R68-_-y05-58885-51-MF,PK0001815:15,ABLO:PK0001815:15:R68,JP_21-R68-_-y05-58885-82-I-1,09:26:00,36,"Monday,Tuesday,Wednesday,Thursday,Friday",223,tfl_21-R68-_-y05-58885_glMYlIz.xml
VJ_21-R68-_-y05-58885-52-MF,PK0001815:15,ABLO:PK0001815:15:R68,JP_21-R68-_-y05-58885-83-I-1,07:05:00,18,"Monday,Tuesday,Wednesday,Thursday,Friday",214,tfl_21-R68-_-y05-58885_glMYlIz.xml
VJ_21-R68-_-y05-58885-53-MF,PK0001815:15,ABLO:PK0001815:15:R68,JP_21-R68-_-y05-58885-84-I-1,07:19:00,20,"Monday,Tuesday,Wednesday,Thursday,Friday",215,tfl_21-R68-_-y05-58885_glMYlIz.xml
VJ_21-R68-_-y05-58885-54-MF,PK0001815:15,ABLO:PK0001815:15:R68,JP_21-R68-_-y05-58885-85-I-1,07:34:00,22,"Monday,Tuesday,Wednesday,Thursday,Friday",216,tfl_21-R68-_-y05-58885_glMYlIz.xml
VJ_21-R68-_-y05-58885-55-MF,PK0001815:15,ABLO:PK0001815:15:R68,JP_21-R68-_-y05-58885-86-I-1,07:49:00,24,"Monday,Tuesday,Wednesday,Thursday,Friday",217,tfl_21-R68-_-y05-58885_glMYlIz.xml
VJ_21-R68-_-y05-58885-56-MF,PK0001815:15,ABLO:PK0001815:15:R68,JP_21-R68-_-y05-58885-87-I-1,08:37:00,30,"Monday,Tuesday,Wednesday,Thursday,Friday",220,tfl_21-R68-_-y05-58885_glMYlIz.xml
VJ_21-R68-_-y05-58885-57-MF,PK0001815:15,ABLO:PK0001815:15:R68,JP_21-R68-_-y05-58885-87-I-1,08:53:00,32,"Monday,Tuesday,Wednesday,Thursday,Friday",221,tfl_21-R68-_-y05-58885_glMYlIz.xml
VJ_21-R68-_-y05-58885-58-MF,PK0001815:15,ABLO:PK0001815:15:R68,JP_21-R68-_-y05-58885-88-I-1,08:21:00,28,"Monday,Tuesday,Wednesday,Thursday,Friday",219,tfl_21-R68-_-y05-58885_glMYlIz.xml
VJ_21-R68-_-y05-58885-59-MF,PK0001815:15,ABLO:PK0001815:15:R68,JP_21-R68-_-y05-58885-89-I-1,08:05:00,26,"Monday,Tuesday,Wednesday,Thursday,Friday",218,tfl_21-R68-_-y05-58885_glMYlIz.xml
VJ_21-R68-_-y05-58885-60-MF,PK0001815:15,ABLO:PK0001815:15:R68,JP_21-R68-_-y05-58885-95-I-1,17:12:00,94,"Monday,Tuesday,Wednesday,Thursday,Friday",252,tfl_21-R68-_-y05-58885_glMYlIz.xml
VJ_21-R68-_-y05-58885-61-MF,PK0001815:15,ABLO:PK0001815:15:R68,JP_21-R68-_-y05-58885-95-I-1,17:26:00,96,"Monday,Tuesday,Wednesday,Thursday,Friday",253,tfl_21-R68-_-y05-58885_glMYlIz.xml
VJ_21-R68-_-y05-58885-62-MF,PK0001815:15,ABLO:PK0001815:15:R68,JP_21-R68-_-y05-58885-95-I-1,17:41:00,98,"Monday,Tuesday,Wednesday,Thursday,Friday",254,tfl_21-R68-_-y05-58885_glMYlIz.xml
VJ_21-R68-_-y05-58885-63-MF,PK0001815:15,ABLO:PK0001815:15:R68,JP_21-R68-_-y05-58885-95-I-1,17:57:00,100,"Monday,Tuesday,Wednesday,Thursday,Friday",255,tfl_21-R68-_-y05-58885_glMYlIz.xml
VJ_21-R68-_-y05-58885-64-MF,PK0001815:15,ABLO:PK0001815:15:R68,JP_21-R68-_-y05-58885-96-I-1,15:14:00,80,"Monday,Tuesday,Wednesday,Thursday,Friday",245,tfl_21-R68-_-y05-58885_glMYlIz.xml
VJ_21-R68-_-y05-58885-65-MF,PK0001815:15,ABLO:PK0001815:15:R68,JP_21-R68-_-y05-58885-97-I-1,15:30:00,82,"Monday,Tuesday,Wednesday,Thursday,Friday",246,tfl_21-R68-_-y05-58885_glMYlIz.xml
VJ_21-R68-_-y05-58885-66-MF,PK0001815:15,ABLO:PK0001815:15:R68,JP_21-R68-_-y05-58885-97-I-1,15:46:00,84,"Monday,Tuesday,Wednesday,Thursday,Friday",247,tfl_21-R68-_-y05-58885_glMYlIz.xml
VJ_21-R68-_-y05-58885-67-MF,PK0001815:15,ABLO:PK0001815:15:R68,JP_21-R68-_-y05-58885-103-I-1,16:57:00,92,"Monday,Tuesday,Wednesday,Thursday,Friday",251,tfl_21-R68-_-y05-58885_glMYlIz.xml
VJ_21-R68-_-y05-58885-68-MF,PK0001815:15,ABLO:PK0001815:15:R68,JP_21-R68-_-y05-58885-108-I-1,16:41:00,90,"Monday,Tuesday,Wednesday,Thursday,Friday",250,tfl_21-R68-_-y05-58885_glMYlIz.xml
VJ_21-R68-_-y05-58885-69-MF,PK0001815:15,ABLO:PK0001815:15:R68,JP_21-R68-_-y05-58885-109-I-1,16:04:00,86,"Monday,Tuesday,Wednesday,Thursday,Friday",248,tfl_21-R68-_-y05-58885_glMYlIz.xml
VJ_21-R68-_-y05-58885-70-MF,PK0001815:15,ABLO:PK0001815:15:R68,JP_21-R68-_-y05-58885-109-I-1,16:24:00,88,"Monday,Tuesday,Wednesday,Thursday,Friday",249,tfl_21-R68-_-y05-58885_glMYlIz.xml
VJ_21-R68-_-y05-58885-71-MF,PK0001815:15,ABLO:PK0001815:15:R68,JP_21-R68-_-y05-58885-11-O-2,23:10:00,127,"Monday,Tuesday,Wednesday,Thursday,Friday",64,tfl_21-R68-_-y05-58885_glMYlIz.xml
VJ_21-R68-_-y05-58885-72-MF,PK0001815:15,ABLO:PK0001815:15:R68,JP_21-R68-_-y05-58885-11-O-2,23:30:00,129,"Monday,Tuesday,Wednesday,Thursday,Friday",65,tfl_21-R68-_-y05-58885_glMYlIz.xml
VJ_21-R68-_-y05-58885-73-MF,PK0001815:15,ABLO:PK0001815:15:R68,JP_21-R68-_-y05-58885-11-O-2,23:50:00,131,"Monday,Tuesday,Wednesday,Thursday,Friday",66,tfl_21-R68-_-y05-58885_glMYlIz.xml
VJ_21-R68-_-y05-58885-74-MF,PK0001815:15,ABLO:PK0001815:15:R68,JP_21-R68-_-y05-58885-11-O-2,00:10:00,133,"Monday,Tuesday,Wednesday,Thursday,Friday",67,tfl_21-R68-_-y05-58885_glMYlIz.xml
VJ_21-R68-_-y05-58885-75-MF,PK0001815:15,ABLO:PK0001815:15:R68,JP_21-R68-_-y05-58885-11-O-2,00:30:00,135,"Monday,Tuesday,Wednesday,Thursday,Friday",68,tfl_21-R68-_-y05-58885_glMYlIz.xml
VJ_21-R68-_-y05-58885-76-MF,PK0001815:15,ABLO:PK0001815:15:R68,JP_21-R68-_-y05-58885-11-O-2,00:50:00,137,"Monday,Tuesday,Wednesday,Thursday,Friday",69,tfl_21-R68-_-y05-58885_glMYlIz.xml
VJ_21-R68-_-y05-58885-77-MF,PK0001815:15,ABLO:PK0001815:15:R68,JP_21-R68-_-y05-58885-11-O-2,01:10:00,139,"Monday,Tuesday,Wednesday,Thursday,Friday",70,tfl_21-R68-_-y05-58885_glMYlIz.xml
VJ_21-R68-_-y05-58885-78-MF,PK0001815:15,ABLO:PK0001815:15:R68,JP_21-R68-_-y05-58885-12-O-2,05:50:00,1,"Monday,Tuesday,Wednesday,Thursday,Friday",1,tfl_21-R68-_-y05-58885_glMYlIz.xml
VJ_21-R68-_-y05-58885-79-MF,PK0001815:15,ABLO:PK0001815:15:R68,JP_21-R68-_-y05-58885-15-O-2,22:50:00,125,"Monday,Tuesday,Wednesday,Thursday,Friday",63,tfl_21-R68-_-y05-58885_glMYlIz.xml
VJ_21-R68-_-y05-58885-80-MF,PK0001815:15,ABLO:PK0001815:15:R68,JP_21-R68-_-y05-58885-17-O-2,22:30:00,123,"Monday,Tuesday,Wednesday,Thursday,Friday",62,tfl_21-R68-_-y05-58885_glMYlIz.xml
VJ_21-R68-_-y05-58885-81-MF,PK0001815:15,ABLO:PK0001815:15:R68,JP_21-R68-_-y05-58885-18-O-2,21:50:00,119,"Monday,Tuesday,Wednesday,Thursday,Friday",60,tfl_21-R68-_-y05-58885_glMYlIz.xml
VJ_21-R68-_-y05-58885-82-MF,PK0001815:15,ABLO:PK0001815:15:R68,JP_21-R68-_-y05-58885-18-O-2,22:10:00,121,"Monday,Tuesday,Wednesday,Thursday,Friday",61,tfl_21-R68-_-y05-58885_glMYlIz.xml
VJ_21-R68-_-y05-58885-83-MF,PK0001815:15,ABLO:PK0001815:15:R68,JP_21-R68-_-y05-58885-21-O-2,20:29:00,111,"Monday,Tuesday,Wednesday,Thursday,Friday",56,tfl_21-R68-_-y05-58885_glMYlIz.xml
VJ_21-R68-_-y05-58885-84-MF,PK0001815:15,ABLO:PK0001815:15:R68,JP_21-R68-_-y05-58885-21-O-2,20:50:00,113,"Monday,Tuesday,Wednesday,Thursday,Friday",57,tfl_21-R68-_-y05-58885_glMYlIz.xml
VJ_21-R68-_-y05-58885-85-MF,PK0001815:15,ABLO:PK0001815:15:R68,JP_21-R68-_-y05-58885-21-O-2,21:10:00,115,"Monday,Tuesday,Wednesday,Thursday,Friday",58,tfl_21-R68-_-y05-58885_glMYlIz.xml
VJ_21-R68-_-y05-58885-86-MF,PK0001815:15,ABLO:PK0001815:15:R68,JP_21-R68-_-y05-58885-21-O-2,21:30:00,117,"Monday,Tuesday,Wednesday,Thursday,Friday",59,tfl_21-R68-_-y05-58885_glMYlIz.xml
VJ_21-R68-_-y05-58885-87-MF,PK0001815:15,ABLO:PK0001815:15:R68,JP_21-R68-_-y05-58885-22-O-2,20:08:00,109,"Monday,Tuesday,Wednesday,Thursday,Friday",55,tfl_21-R68-_-y05-58885_glMYlIz.xml
VJ_21-R68-_-y05-58885-88-MF,PK0001815:15,ABLO:PK0001815:15:R68,JP_21-R68-_-y05-58885-28-O-2,06:06:00,3,"Monday,Tuesday,Wednesday,Thursday,Friday",2,tfl_21-R68-_-y05-58885_glMYlIz.xml
VJ_21-R68-_-y05-58885-89-MF,PK0001815:15,ABLO:PK0001815:15:R68,JP_21-R68-_-y05-58885-29-O-2,06:21:00,5,"Monday,Tuesday,Wednesday,Thursday,Friday",3,tfl_21-R68-_-y05-58885_glMYlIz.xml
VJ_21-R68-_-y05-58885-90-MF,PK0001815:15,ABLO:PK0001815:15:R68,JP_21-R68-_-y05-58885-30-O-2,06:35:00,7,"Monday,Tuesday,Wednesday,Thursday,Friday",4,tfl_21-R68-_-y05-58885_glMYlIz.xml
VJ_21-R68-_-y05-58885-91-MF,PK0001815:15,ABLO:PK0001815:15:R68,JP_21-R68-_-y05-58885-38-O-2,06:49:00,9,"Monday,Tuesday,Wednesday,Thursday,Friday",5,tfl_21-R68-_-y05-58885_glMYlIz.xml
VJ_21-R68-_-y05-58885-92-MF,PK0001815:15,ABLO:PK0001815:15:R68,JP_21-R68-_-y05-58885-42-O-2,19:49:00,107,"Monday,Tuesday,Wednesday,Thursday,Friday",54,tfl_21-R68-_-y05-58885_glMYlIz.xml
VJ_21-R68-_-y05-58885-93-MF,PK0001815:15,ABLO:PK0001815:15:R68,JP_21-R68-_-y05-58885-54-O-2,19:33:00,105,"Monday,Tuesday,Wednesday,Thursday,Friday",53,tfl_21-R68-_-y05-58885_glMYlIz.xml
VJ_21-R68-_-y05-58885-94-MF,PK0001815:15,ABLO:PK0001815:15:R68,JP_21-R68-_-y05-58885-56-O-2,19:16:00,103,"Monday,Tuesday,Wednesday,Thursday,Friday",52,tfl_21-R68-_-y05-58885_glMYlIz.xml
VJ_21-R68-_-y05-58885-95-MF,PK0001815:15,ABLO:PK0001815:15:R68,JP_21-R68-_-y05-58885-57-O-2,19:00:00,101,"Monday,Tuesday,Wednesday,Thursday,Friday",51,tfl_21-R68-_-y05-58885_glMYlIz.xml
VJ_21-R68-_-y05-58885-96-MF,PK0001815:15,ABLO:PK0001815:15:R68,JP_21-R68-_-y05-58885-75-O-2,09:12:00,27,"Monday,Tuesday,Wednesday,Thursday,Friday",14,tfl_21-R68-_-y05-58885_glMYlIz.xml
VJ_21-R68-_-y05-58885-97-MF,PK0001815:15,ABLO:PK0001815:15:R68,JP_21-R68-_-y05-58885-75-O-2,09:29:00,29,"Monday,Tuesday,Wednesday,Thursday,Friday",15,tfl_21-R68-_-y05-58885_glMYlIz.xml
VJ_21-R68-_-y05-58885-98-MF,PK0001815:15,ABLO:PK0001815:15:R68,JP_21-R68-_-y05-58885-75-O-2,09:42:00,31,"Monday,Tuesday,Wednesday,Thursday,Friday",16,tfl_21-R68-_-y05-58885_glMYlIz.xml
VJ_21-R68-_-y05-58885-99-MF,PK0001815:15,ABLO:PK0001815:15:R68,JP_21-R68-_-y05-58885-75-O-2,09:58:00,33,"Monday,Tuesday,Wednesday,Thursday,Friday",17,tfl_21-R68-_-y05-58885_glMYlIz.xml
VJ_21-R68-_-y05-58885-100-MF,PK0001815:15,ABLO:PK0001815:15:R68,JP_21-R68-_-y05-58885-75-O-2,10:14:00,35,"Monday,Tuesday,Wednesday,Thursday,Friday",18,tfl_21-R68-_-y05-58885_glMYlIz.xml
VJ_21-R68-_-y05-58885-101-MF,PK0001815:15,ABLO:PK0001815:15:R68,JP_21-R68-_-y05-58885-75-O-2,10:30:00,37,"Monday,Tuesday,Wednesday,Thursday,Friday",19,tfl_21-R68-_-y05-58885_glMYlIz.xml
VJ_21-R68-_-y05-58885-102-MF,PK0001815:15,ABLO:PK0001815:15:R68,JP_21-R68-_-y05-58885-76-O-2,10:46:00,39,"Monday,Tuesday,Wednesday,Thursday,Friday",20,tfl_21-R68-_-y05-58885_glMYlIz.xml
VJ_21-R68-_-y05-58885-103-MF,PK0001815:15,ABLO:PK0001815:15:R68,JP_21-R68-_-y05-58885-76-O-2,11:02:00,41,"Monday,Tuesday,Wednesday,Thursday,Friday",21,tfl_21-R68-_-y05-58885_glMYlIz.xml
VJ_21-R68-_-y05-58885-104-MF,PK0001815:15,ABLO:PK0001815:15:R68,JP_21-R68-_-y05-58885-76-O-2,11:18:00,43,"Monday,Tuesday,Wednesday,Thursday,Friday",22,tfl_21-R68-_-y05-58885_glMYlIz.xml
VJ_21-R68-_-y05-58885-105-MF,PK0001815:15,ABLO:PK0001815:15:R68,JP_21-R68-_-y05-58885-76-O-2,11:34:00,45,"Monday,Tuesday,Wednesday,Thursday,Friday",23,tfl_21-R68-_-y05-58885_glMYlIz.xml
VJ_21-R68-_-y05-58885-106-MF,PK0001815:15,ABLO:PK0001815:15:R68,JP_21-R68-_-y05-58885-76-O-2,11:50:00,47,"Monday,Tuesday,Wednesday,Thursday,Friday",24,tfl_21-R68-_-y05-58885_glMYlIz.xml
VJ_21-R68-_-y05-58885-107-MF,PK0001815:15,ABLO:PK0001815:15:R68,JP_21-R68-_-y05-58885-76-O-2,12:06:00,49,"Monday,Tuesday,Wednesday,Thursday,Friday",25,tfl_21-R68-_-y05-58885_glMYlIz.xml
VJ_21-R68-_-y05-58885-108-MF,PK0001815:15,ABLO:PK0001815:15:R68,JP_21-R68-_-y05-58885-76-O-2,12:22:00,51,"Monday,Tuesday,Wednesday,Thursday,Friday",26,tfl_21-R68-_-y05-58885_glMYlIz.xml
VJ_21-R68-_-y05-58885-109-MF,PK0001815:15,ABLO:PK0001815:15:R68,JP_21-R68-_-y05-58885-76-O-2,12:38:00,53,"Monday,Tuesday,Wednesday,Thursday,Friday",27,tfl_21-R68-_-y05-58885_glMYlIz.xml
VJ_21-R68-_-y05-58885-110-MF,PK0001815:15,ABLO:PK0001815:15:R68,JP_21-R68-_-y05-58885-76-O-2,12:54:00,55,"Monday,Tuesday,Wednesday,Thursday,Friday",28,tfl_21-R68-_-y05-58885_glMYlIz.xml
VJ_21-R68-_-y05-58885-111-MF,PK0001815:15,ABLO:PK0001815:15:R68,JP_21-R68-_-y05-58885-76-O-2,13:10:00,57,"Monday,Tuesday,Wednesday,Thursday,Friday",29,tfl_21-R68-_-y05-58885_glMYlIz.xml
VJ_21-R68-_-y05-58885-112-MF,PK0001815:15,ABLO:PK0001815:15:R68,JP_21-R68-_-y05-58885-76-O-2,13:26:00,59,"Monday,Tuesday,Wednesday,Thursday,Friday",30,tfl_21-R68-_-y05-58885_glMYlIz.xml
VJ_21-R68-_-y05-58885-113-MF,PK0001815:15,ABLO:PK0001815:15:R68,JP_21-R68-_-y05-58885-76-O-2,13:41:00,61,"Monday,Tuesday,Wednesday,Thursday,Friday",31,tfl_21-R68-_-y05-58885_glMYlIz.xml
VJ_21-R68-_-y05-58885-114-MF,PK0001815:15,ABLO:PK0001815:15:R68,JP_21-R68-_-y05-58885-77-O-2,13:56:00,63,"Monday,Tuesday,Wednesday,Thursday,Friday",32,tfl_21-R68-_-y05-58885_glMYlIz.xml
VJ_21-R68-_-y05-58885-115-MF,PK0001815:15,ABLO:PK0001815:15:R68,JP_21-R68-_-y05-58885-78-O-2,14:11:00,65,"Monday,Tuesday,Wednesday,Thursday,Friday",33,tfl_21-R68-_-y05-58885_glMYlIz.xml
VJ_21-R68-_-y05-58885-116-MF,PK0001815:15,ABLO:PK0001815:15:R68,JP_21-R68-_-y05-58885-79-O-2,14:27:00,67,"Monday,Tuesday,Wednesday,Thursday,Friday",34,tfl_21-R68-_-y05-58885_glMYlIz.xml
VJ_21-R68-_-y05-58885-117-MF,PK0001815:15,ABLO:PK0001815:15:R68,JP_21-R68-_-y05-58885-80-O-2,14:43:00,69,"Monday,Tuesday,Wednesday,Thursday,Friday",35,tfl_21-R68-_-y05-58885_glMYlIz.xml
VJ_21-R68-_-y05-58885-118-MF,PK0001815:15,ABLO:PK0001815:15:R68,JP_21-R68-_-y05-58885-81-O-2,07:05:00,11,"Monday,Tuesday,Wednesday,Thursday,Friday",6,tfl_21-R68-_-y05-58885_glMYlIz.xml
VJ_21-R68-_-y05-58885-119-MF,PK0001815:15,ABLO:PK0001815:15:R68,JP_21-R68-_-y05-58885-82-O-2,07:18:00,13,"Monday,Tuesday,Wednesday,Thursday,Friday",7,tfl_21-R68-_-y05-58885_glMYlIz.xml
VJ_21-R68-_-y05-58885-120-MF,PK0001815:15,ABLO:PK0001815:15:R68,JP_21-R68-_-y05-58885-83-O-2,07:33:00,15,"Monday,Tuesday,Wednesday,Thursday,Friday",8,tfl_21-R68-_-y05-58885_glMYlIz.xml
VJ_21-R68-_-y05-58885-121-MF,PK0001815:15,ABLO:PK0001815:15:R68,JP_21-R68-_-y05-58885-84-O-2,07:46:00,17,"Monday,Tuesday,Wednesday,Thursday,Friday",9,tfl_21-R68-_-y05-58885_glMYlIz.xml
VJ_21-R68-_-y05-58885-122-MF,PK0001815:15,ABLO:PK0001815:15:R68,JP_21-R68-_-y05-58885-85-O-2,18:27:00,97,"Monday,Tuesday,Wednesday,Thursday,Friday",49,tfl_21-R68-_-y05-58885_glMYlIz.xml
VJ_21-R68-_-y05-58885-123-MF,PK0001815:15,ABLO:PK0001815:15:R68,JP_21-R68-_-y05-58885-85-O-2,18:43:00,99,"Monday,Tuesday,Wednesday,Thursday,Friday",50,tfl_21-R68-_-y05-58885_glMYlIz.xml
VJ_21-R68-_-y05-58885-124-MF,PK0001815:15,ABLO:PK0001815:15:R68,JP_21-R68-_-y05-58885-86-O-2,18:14:00,95,"Monday,Tuesday,Wednesday,Thursday,Friday",48,tfl_21-R68-_-y05-58885_glMYlIz.xml
VJ_21-R68-_-y05-58885-125-MF,PK0001815:15,ABLO:PK0001815:15:R68,JP_21-R68-_-y05-58885-94-O-2,14:59:00,71,"Monday,Tuesday,Wednesday,Thursday,Friday",36,tfl_21-R68-_-y05-58885_glMYlIz.xml
VJ_21-R68-_-y05-58885-126-MF,PK0001815:15,ABLO:PK0001815:15:R68,JP_21-R68-_-y05-58885-95-O-2,08:54:00,25,"Monday,Tuesday,Wednesday,Thursday,Friday",13,tfl_21-R68-_-y05-58885_glMYlIz.xml
VJ_21-R68-_-y05-58885-127-MF,PK0001815:15,ABLO:PK0001815:15:R68,JP_21-R68-_-y05-58885-96-O-2,08:23:00,21,"Monday,Tuesday,Wednesday,Thursday,Friday",11,tfl_21-R68-_-y05-58885_glMYlIz.xml
VJ_21-R68-_-y05-58885-128-MF,PK0001815:15,ABLO:PK0001815:15:R68,JP_21-R68-_-y05-58885-97-O-2,08:05:00,19,"Monday,Tuesday,Wednesday,Thursday,Friday",10,tfl_21-R68-_-y05-58885_glMYlIz.xml
VJ_21-R68-_-y05-58885-129-MF,PK0001815:15,ABLO:PK0001815:15:R68,JP_21-R68-_-y05-58885-98-O-2,08:38:00,23,"Monday,Tuesday,Wednesday,Thursday,Friday",12,tfl_21-R68-_-y05-58885_glMYlIz.xml
VJ_21-R68-_-y05-58885-130-MF,PK0001815:15,ABLO:PK0001815:15:R68,JP_21-R68-_-y05-58885-99-O-2,17:59:00,93,"Monday,Tuesday,Wednesday,Thursday,Friday",47,tfl_21-R68-_-y05-58885_glMYlIz.xml
VJ_21-R68-_-y05-58885-131-MF,PK0001815:15,ABLO:PK0001815:15:R68,JP_21-R68-_-y05-58885-100-O-2,17:44:00,91,"Monday,Tuesday,Wednesday,Thursday,Friday",46,tfl_21-R68-_-y05-58885_glMYlIz.xml
VJ_21-R68-_-y05-58885-132-MF,PK0001815:15,ABLO:PK0001815:15:R68,JP_21-R68-_-y05-58885-101-O-2,17:24:00,89,"Monday,Tuesday,Wednesday,Thursday,Friday",45,tfl_21-R68-_-y05-58885_glMYlIz.xml
VJ_21-R68-_-y05-58885-133-MF,PK0001815:15,ABLO:PK0001815:15:R68,JP_21-R68-_-y05-58885-102-O-2,17:07:00,87,"Monday,Tuesday,Wednesday,Thursday,Friday",44,tfl_21-R68-_-y05-58885_glMYlIz.xml
VJ_21-R68-_-y05-58885-134-MF,PK0001815:15,ABLO:PK0001815:15:R68,JP_21-R68-_-y05-58885-103-O-2,16:51:00,85,"Monday,Tuesday,Wednesday,Thursday,Friday",43,tfl_21-R68-_-y05-58885_glMYlIz.xml
VJ_21-R68-_-y05-58885-135-MF,PK0001815:15,ABLO:PK0001815:15:R68,JP_21-R68-_-y05-58885-104-O-2,16:19:00,81,"Monday,Tuesday,Wednesday,Thursday,Friday",41,tfl_21-R68-_-y05-58885_glMYlIz.xml
VJ_21-R68-_-y05-58885-136-MF,PK0001815:15,ABLO:PK0001815:15:R68,JP_21-R68-_-y05-58885-104-O-2,16:35:00,83,"Monday,Tuesday,Wednesday,Thursday,Friday",42,tfl_21-R68-_-y05-58885_glMYlIz.xml
VJ_21-R68-_-y05-58885-137-MF,PK0001815:15,ABLO:PK0001815:15:R68,JP_21-R68-_-y05-58885-105-O-2,16:03:00,79,"Monday,Tuesday,Wednesday,Thursday,Friday",40,tfl_21-R68-_-y05-58885_glMYlIz.xml
VJ_21-R68-_-y05-58885-138-MF,PK0001815:15,ABLO:PK0001815:15:R68,JP_21-R68-_-y05-58885-106-O-2,15:47:00,77,"Monday,Tuesday,Wednesday,Thursday,Friday",39,tfl_21-R68-_-y05-58885_glMYlIz.xml
VJ_21-R68-_-y05-58885-139-MF,PK0001815:15,ABLO:PK0001815:15:R68,JP_21-R68-_-y05-58885-107-O-2,15:15:00,73,"Monday,Tuesday,Wednesday,Thursday,Friday",37,tfl_21-R68-_-y05-58885_glMYlIz.xml
VJ_21-R68-_-y05-58885-140-MF,PK0001815:15,ABLO:PK0001815:15:R68,JP_21-R68-_-y05-58885-107-O-2,15:31:00,75,"Monday,Tuesday,Wednesday,Thursday,Friday",38,tfl_21-R68-_-y05-58885_glMYlIz.xml
VJ_21-S1-_-y05-59996-1-Sa,PK0001816:107,ABLO:PK0001816:107:S1,JP_21-S1-_-y05-59996-1-I-1,05:20:00,2,Saturday,263,tfl_21-S1-_-y05-59996.xml
VJ_21-S1-_-y05-59996-2-Sa,PK0001816:107,ABLO:PK0001816:107:S1,JP_21-S1-_-y05-59996-2-I-1,23:00:00,130,Saturday,327,tfl_21-S1-_-y05-59996.xml
VJ_21-S1-_-y05-59996-3-Sa,PK0001816:107,ABLO:PK0001816:107:S1,JP_21-S1-_-y05-59996-2-I-1,23:20:00,132,Saturday,328,tfl_21-S1-_-y05-59996.xml
VJ_21-S1-_-y05-59996-4-Sa,PK0001816:107,ABLO:PK0001816:107:S1,JP_21-S1-_-y05-59996-2-I-1,23:40:00,134,Saturday,329,tfl_21-S1-_-y05-59996.xml
VJ_21-S1-_-y05-59996-5-Sa,PK0001816:107,ABLO:PK0001816:107:S1,JP_21-S1-_-y05-59996-2-I-1,00:00:00,136,Saturday,330,tfl_21-S1-_-y05-59996.xml
VJ_21-S1-_-y05-59996-6-Sa,PK0001816:107,ABLO:PK0001816:107:S1,JP_21-S1-_-y05-59996-3-I-1,05:50:00,4,Saturday,264,tfl_21-S1-_-y05-59996.xml
VJ_21-S1-_-y05-59996-7-Sa,PK0001816:107,ABLO:PK0001816:107:S1,JP_21-S1-_-y05-59996-5-I-1,22:00:00,124,Saturday,324,tfl_21-S1-_-y05-59996.xml
VJ_21-S1-_-y05-59996-8-Sa,PK0001816:107,ABLO:PK0001816:107:S1,JP_21-S1-_-y05-59996-5-I-1,22:20:00,126,Saturday,325,tfl_21-S1-_-y05-59996.xml
VJ_21-S1-_-y05-59996-9-Sa,PK0001816:107,ABLO:PK0001816:107:S1,JP_21-S1-_-y05-59996-5-I-1,22:40:00,128,Saturday,326,tfl_21-S1-_-y05-59996.xml
VJ_21-S1-_-y05-59996-10-Sa,PK0001816:107,ABLO:PK0001816:107:S1,JP_21-S1-_-y05-59996-7-I-1,06:20:00,6,Saturday,265,tfl_21-S1-_-y05-59996.xml
VJ_21-S1-_-y05-59996-11-Sa,PK0001816:107,ABLO:PK0001816:107:S1,JP_21-S1-_-y05-59996-8-I-1,06:40:00,8,Saturday,266,tfl_21-S1-_-y05-59996.xml
VJ_21-S1-_-y05-59996-12-Sa,PK0001816:107,ABLO:PK0001816:107:S1,JP_21-S1-_-y05-59996-9-I-1,07:00:00,10,Saturday,267,tfl_21-S1-_-y05-59996.xml
VJ_21-S1-_-y05-59996-13-Sa,PK0001816:107,ABLO:PK0001816:107:S1,JP_21-S1-_-y05-59996-14-I-1,21:40:00,122,Saturday,323,tfl_21-S1-_-y05-59996.xml
VJ_21-S1-_-y05-59996-14-Sa,PK0001816:107,ABLO:PK0001816:107:S1,JP_21-S1-_-y05-59996-16-I-1,21:00:00,118,Saturday,321,tfl_21-S1-_-y05-59996.xml
VJ_21-S1-_-y05-59996-15-Sa,PK0001816:107,ABLO:PK0001816:107:S1,JP_21-S1-_-y05-59996-16-I-1,21:20:00,120,Saturday,322,tfl_21-S1-_-y05-59996.xml
VJ_21-S1-_-y05-59996-16-Sa,PK0001816:107,ABLO:PK0001816:107:S1,JP_21-S1-_-y05-59996-17-I-1,20:40:00,116,Saturday,320,tfl_21-S1-_-y05-59996.xml
VJ_21-S1-_-y05-59996-17-Sa,PK0001816:107,ABLO:PK0001816:107:S1,JP_21-S1-_-y05-59996-21-I-1,07:20:00,12,Saturday,268,tfl_21-S1-_-y05-59996.xml
VJ_21-S1-_-y05-59996-18-Sa,PK0001816:107,ABLO:PK0001816:107:S1,JP_21-S1-_-y05-59996-22-I-1,07:40:00,14,Saturday,269,tfl_21-S1-_-y05-59996.xml
VJ_21-S1-_-y05-59996-19-Sa,PK0001816:107,ABLO:PK0001816:107:S1,JP_21-S1-_-y05-59996-27-I-1,07:55:00,16,Saturday,270,tfl_21-S1-_-y05-59996.xml
VJ_21-S1-_-y05-59996-20-Sa,PK0001816:107,ABLO:PK0001816:107:S1,JP_21-S1-_-y05-59996-27-I-1,08:09:00,18,Saturday,271,tfl_21-S1-_-y05-59996.xml
VJ_21-S1-_-y05-59996-21-Sa,PK0001816:107,ABLO:PK0001816:107:S1,JP_21-S1-_-y05-59996-28-I-1,08:22:00,20,Saturday,272,tfl_21-S1-_-y05-59996.xml
VJ_21-S1-_-y05-59996-22-Sa,PK0001816:107,ABLO:PK0001816:107:S1,JP_21-S1-_-y05-59996-29-I-1,08:36:00,22,Saturday,273,tfl_21-S1-_-y05-59996.xml
VJ_21-S1-_-y05-59996-23-Sa,PK0001816:107,ABLO:PK0001816:107:S1,JP_21-S1-_-y05-59996-29-I-1,08:50:00,24,Saturday,274,tfl_21-S1-_-y05-59996.xml
VJ_21-S1-_-y05-59996-24-Sa,PK0001816:107,ABLO:PK0001816:107:S1,JP_21-S1-_-y05-59996-30-I-1,09:05:00,26,Saturday,275,tfl_21-S1-_-y05-59996.xml
VJ_21-S1-_-y05-59996-25-Sa,PK0001816:107,ABLO:PK0001816:107:S1,JP_21-S1-_-y05-59996-31-I-1,09:18:00,28,Saturday,276,tfl_21-S1-_-y05-59996.xml
VJ_21-S1-_-y05-59996-26-Sa,PK0001816:107,ABLO:PK0001816:107:S1,JP_21-S1-_-y05-59996-31-I-1,09:32:00,30,Saturday,277,tfl_21-S1-_-y05-59996.xml
VJ_21-S1-_-y05-59996-27-Sa,PK0001816:107,ABLO:PK0001816:107:S1,JP_21-S1-_-y05-59996-33-I-1,20:20:00,114,Saturday,319,tfl_21-S1-_-y05-59996.xml
VJ_21-S1-_-y05-59996-28-Sa,PK0001816:107,ABLO:PK0001816:107:S1,JP_21-S1-_-y05-59996-35-I-1,20:00:00,112,Saturday,318,tfl_21-S1-_-y05-59996.xml
VJ_21-S1-_-y05-59996-29-Sa,PK0001816:107,ABLO:PK0001816:107:S1,JP_21-S1-_-y05-59996-42-I-1,19:40:00,110,Saturday,317,tfl_21-S1-_-y05-59996.xml
VJ_21-S1-_-y05-59996-30-Sa,PK0001816:107,ABLO:PK0001816:107:S1,JP_21-S1-_-y05-59996-43-I-1,17:55:00,98,Saturday,311,tfl_21-S1-_-y05-59996.xml
VJ_21-S1-_-y05-59996-31-Sa,PK0001816:107,ABLO:PK0001816:107:S1,JP_21-S1-_-y05-59996-43-I-1,18:10:00,100,Saturday,312,tfl_21-S1-_-y05-59996.xml
VJ_21-S1-_-y05-59996-32-Sa,PK0001816:107,ABLO:PK0001816:107:S1,JP_21-S1-_-y05-59996-43-I-1,18:25:00,102,Saturday,313,tfl_21-S1-_-y05-59996.xml
VJ_21-S1-_-y05-59996-33-Sa,PK0001816:107,ABLO:PK0001816:107:S1,JP_21-S1-_-y05-59996-43-I-1,18:40:00,104,Saturday,314,tfl_21-S1-_-y05-59996.xml
VJ_21-S1-_-y05-59996-34-Sa,PK0001816:107,ABLO:PK0001816:107:S1,JP_21-S1-_-y05-59996-43-I-1,19:00:00,106,Saturday,315,tfl_21-S1-_-y05-59996.xml
VJ_21-S1-_-y05-59996-35-Sa,PK0001816:107,ABLO:PK0001816:107:S1,JP_21-S1-_-y05-59996-43-I-1,19:20:00,108,Saturday,316,tfl_21-S1-_-y05-59996.xml
VJ_21-S1-_-y05-59996-36-Sa,PK0001816:107,ABLO:PK0001816:107:S1,JP_21-S1-_-y05-59996-44-I-1,17:40:00,96,Saturday,310,tfl_21-S1-_-y05-59996.xml
VJ_21-S1-_-y05-59996-37-Sa,PK0001816:107,ABLO:PK0001816:107:S1,JP_21-S1-_-y05-59996-45-I-1,09:45:00,32,Saturday,278,tfl_21-S1-_-y05-59996.xml
VJ_21-S1-_-y05-59996-38-Sa,PK0001816:107,ABLO:PK0001816:107:S1,JP_21-S1-_-y05-59996-54-I-1,09:59:00,34,Saturday,279,tfl_21-S1-_-y05-59996.xml
VJ_21-S1-_-y05-59996-39-Sa,PK0001816:107,ABLO:PK0001816:107:S1,JP_21-S1-_-y05-59996-59-I-1,10:12:00,36,Saturday,280,tfl_21-S1-_-y05-59996.xml
VJ_21-S1-_-y05-59996-40-Sa,PK0001816:107,ABLO:PK0001816:107:S1,JP_21-S1-_-y05-59996-59-I-1,10:26:00,38,Saturday,281,tfl_21-S1-_-y05-59996.xml
VJ_21-S1-_-y05-59996-41-Sa,PK0001816:107,ABLO:PK0001816:107:S1,JP_21-S1-_-y05-59996-60-I-1,10:40:00,40,Saturday,282,tfl_21-S1-_-y05-59996.xml
VJ_21-S1-_-y05-59996-42-Sa,PK0001816:107,ABLO:PK0001816:107:S1,JP_21-S1-_-y05-59996-60-I-1,10:55:00,42,Saturday,283,tfl_21-S1-_-y05-59996.xml
VJ_21-S1-_-y05-59996-43-Sa,PK0001816:107,ABLO:PK0001816:107:S1,JP_21-S1-_-y05-59996-71-I-1,17:25:00,94,Saturday,309,tfl_21-S1-_-y05-59996.xml
VJ_21-S1-_-y05-59996-44-Sa,PK0001816:107,ABLO:PK0001816:107:S1,JP_21-S1-_-y05-59996-72-I-1,11:10:00,44,Saturday,284,tfl_21-S1-_-y05-59996.xml
VJ_21-S1-_-y05-59996-45-Sa,PK0001816:107,ABLO:PK0001816:107:S1,JP_21-S1-_-y05-59996-72-I-1,11:25:00,46,Saturday,285,tfl_21-S1-_-y05-59996.xml
VJ_21-S1-_-y05-59996-46-Sa,PK0001816:107,ABLO:PK0001816:107:S1,JP_21-S1-_-y05-59996-72-I-1,11:40:00,48,Saturday,286,tfl_21-S1-_-y05-59996.xml
VJ_21-S1-_-y05-59996-47-Sa,PK0001816:107,ABLO:PK0001816:107:S1,JP_21-S1-_-y05-59996-72-I-1,11:55:00,50,Saturday,287,tfl_21-S1-_-y05-59996.xml
VJ_21-S1-_-y05-59996-48-Sa,PK0001816:107,ABLO:PK0001816:107:S1,JP_21-S1-_-y05-59996-72-I-1,12:10:00,52,Saturday,288,tfl_21-S1-_-y05-59996.xml
VJ_21-S1-_-y05-59996-49-Sa,PK0001816:107,ABLO:PK0001816:107:S1,JP_21-S1-_-y05-59996-72-I-1,12:25:00,54,Saturday,289,tfl_21-S1-_-y05-59996.xml
VJ_21-S1-_-y05-59996-50-Sa,PK0001816:107,ABLO:PK0001816:107:S1,JP_21-S1-_-y05-59996-72-I-1,12:40:00,56,Saturday,290,tfl_21-S1-_-y05-59996.xml
VJ_21-S1-_-y05-59996-51-Sa,PK0001816:107,ABLO:PK0001816:107:S1,JP_21-S1-_-y05-59996-72-I-1,12:55:00,58,Saturday,291,tfl_21-S1-_-y05-59996.xml
VJ_21-S1-_-y05-59996-52-Sa,PK0001816:107,ABLO:PK0001816:107:S1,JP_21-S1-_-y05-59996-72-I-1,13:10:00,60,Saturday,292,tfl_21-S1-_-y05-59996.xml
VJ_21-S1-_-y05-59996-53-Sa,PK0001816:107,ABLO:PK0001816:107:S1,JP_21-S1-_-y05-59996-72-I-1,13:25:00,62,Saturday,293,tfl_21-S1-_-y05-59996.xml
VJ_21-S1-_-y05-59996-54-Sa,PK0001816:107,ABLO:PK0001816:107:S1,JP_21-S1-_-y05-59996-72-I-1,13:40:00,64,Saturday,294,tfl_21-S1-_-y05-59996.xml
VJ_21-S1-_-y05-59996-55-Sa,PK0001816:107,ABLO:PK0001816:107:S1,JP_21-S1-_-y05-59996-72-I-1,13:55:00,66,Saturday,295,tfl_21-S1-_-y05-59996.xml
VJ_21-S1-_-y05-59996-56-Sa,PK0001816:107,ABLO:PK0001816:107:S1,JP_21-S1-_-y05-59996-72-I-1,14:10:00,68,Saturday,296,tfl_21-S1-_-y05-59996.xml
VJ_21-S1-_-y05-59996-57-Sa,PK0001816:107,ABLO:PK0001816:107:S1,JP_21-S1-_-y05-59996-72-I-1,14:25:00,70,Saturday,297,tfl_21-S1-_-y05-59996.xml
VJ_21-S1-_-y05-59996-58-Sa,PK0001816:107,ABLO:PK0001816:107:S1,JP_21-S1-_-y05-59996-72-I-1,14:40:00,72,Saturday,298,tfl_21-S1-_-y05-59996.xml
VJ_21-S1-_-y05-59996-59-Sa,PK0001816:107,ABLO:PK0001816:107:S1,JP_21-S1-_-y05-59996-72-I-1,14:55:00,74,Saturday,299,tfl_21-S1-_-y05-59996.xml
VJ_21-S1-_-y05-59996-60-Sa,PK0001816:107,ABLO:PK0001816:107:S1,JP_21-S1-_-y05-59996-72-I-1,15:10:00,76,Saturday,300,tfl_21-S1-_-y05-59996.xml
VJ_21-S1-_-y05-59996-61-Sa,PK0001816:107,ABLO:PK0001816:107:S1,JP_21-S1-_-y05-59996-72-I-1,15:25:00,78,Saturday,301,tfl_21-S1-_-y05-59996.xml
VJ_21-S1-_-y05-59996-62-Sa,PK0001816:107,ABLO:PK0001816:107:S1,JP_21-S1-_-y05-59996-72-I-1,15:40:00,80,Saturday,302,tfl_21-S1-_-y05-59996.xml
VJ_21-S1-_-y05-59996-63-Sa,PK0001816:107,ABLO:PK0001816:107:S1,JP_21-S1-_-y05-59996-72-I-1,15:55:00,82,Saturday,303,tfl_21-S1-_-y05-59996.xml
VJ_21-S1-_-y05-59996-64-Sa,PK0001816:107,ABLO:PK0001816:107:S1,JP_21-S1-_-y05-59996-72-I-1,16:10:00,84,Saturday,304,tfl_21-S1-_-y05-59996.xml
VJ_21-S1-_-y05-59996-65-Sa,PK0001816:107,ABLO:PK0001816:107:S1,JP_21-S1-_-y05-59996-72-I-1,16:25:00,86,Saturday,305,tfl_21-S1-_-y05-59996.xml
VJ_21-S1-_-y05-59996-66-Sa,PK0001816:107,ABLO:PK0001816:107:S1,JP_21-S1-_-y05-59996-72-I-1,16:40:00,88,Saturday,306,tfl_21-S1-_-y05-59996.xml
VJ_21-S1-_-y05-59996-67-Sa,PK0001816:107,ABLO:PK0001816:107:S1,JP_21-S1-_-y05-59996-72-I-1,16:55:00,90,Saturday,307,tfl_21-S1-_-y05-59996.xml
VJ_21-S1-_-y05-59996-68-Sa,PK0001816:107,ABLO:PK0001816:107:S1,JP_21-S1-_-y05-59996-72-I-1,17:10:00,92,Saturday,308,tfl_21-S1-_-y05-59996.xml
VJ_21-S1-_-y05-59996-69-Sa,PK0001816:107,ABLO:PK0001816:107:S1,JP_21-S1-_-y05-59996-6-O-2,23:20:00,131,Saturday,138,tfl_21-S1-_-y05-59996.xml
VJ_21-S1-_-y05-59996-70-Sa,PK0001816:107,ABLO:PK0001816:107:S1,JP_21-S1-_-y05-59996-6-O-2,23:40:00,133,Saturday,139,tfl_21-S1-_-y05-59996.xml
VJ_21-S1-_-y05-59996-71-Sa,PK0001816:107,ABLO:PK0001816:107:S1,JP_21-S1-_-y05-59996-6-O-2,00:00:00,135,Saturday,140,tfl_21-S1-_-y05-59996.xml
VJ_21-S1-_-y05-59996-72-Sa,PK0001816:107,ABLO:PK0001816:107:S1,JP_21-S1-_-y05-59996-7-O-2,23:00:00,129,Saturday,137,tfl_21-S1-_-y05-59996.xml
VJ_21-S1-_-y05-59996-73-Sa,PK0001816:107,ABLO:PK0001816:107:S1,JP_21-S1-_-y05-59996-8-O-2,22:40:00,127,Saturday,136,tfl_21-S1-_-y05-59996.xml
VJ_21-S1-_-y05-59996-74-Sa,PK0001816:107,ABLO:PK0001816:107:S1,JP_21-S1-_-y05-59996-9-O-2,05:20:00,1,Saturday,73,tfl_21-S1-_-y05-59996.xml
VJ_21-S1-_-y05-59996-75-Sa,PK0001816:107,ABLO:PK0001816:107:S1,JP_21-S1-_-y05-59996-9-O-2,05:50:00,3,Saturday,74,tfl_21-S1-_-y05-59996.xml
VJ_21-S1-_-y05-59996-76-Sa,PK0001816:107,ABLO:PK0001816:107:S1,JP_21-S1-_-y05-59996-9-O-2,06:20:00,5,Saturday,75,tfl_21-S1-_-y05-59996.xml
VJ_21-S1-_-y05-59996-77-Sa,PK0001816:107,ABLO:PK0001816:107:S1,JP_21-S1-_-y05-59996-9-O-2,22:20:00,125,Saturday,135,tfl_21-S1-_-y05-59996.xml
VJ_21-S1-_-y05-59996-78-Sa,PK0001816:107,ABLO:PK0001816:107:S1,JP_21-S1-_-y05-59996-12-O-2,21:20:00,119,Saturday,132,tfl_21-S1-_-y05-59996.xml
VJ_21-S1-_-y05-59996-79-Sa,PK0001816:107,ABLO:PK0001816:107:S1,JP_21-S1-_-y05-59996-12-O-2,21:40:00,121,Saturday,133,tfl_21-S1-_-y05-59996.xml
VJ_21-S1-_-y05-59996-80-Sa,PK0001816:107,ABLO:PK0001816:107:S1,JP_21-S1-_-y05-59996-12-O-2,22:00:00,123,Saturday,134,tfl_21-S1-_-y05-59996.xml
VJ_21-S1-_-y05-59996-81-Sa,PK0001816:107,ABLO:PK0001816:107:S1,JP_21-S1-_-y05-59996-13-O-2,21:00:00,117,Saturday,131,tfl_21-S1-_-y05-59996.xml
VJ_21-S1-_-y05-59996-82-Sa,PK0001816:107,ABLO:PK0001816:107:S1,JP_21-S1-_-y05-59996-14-O-2,20:40:00,115,Saturday,130,tfl_21-S1-_-y05-59996.xml
VJ_21-S1-_-y05-59996-83-Sa,PK0001816:107,ABLO:PK0001816:107:S1,JP_21-S1-_-y05-59996-15-O-2,20:20:00,113,Saturday,129,tfl_21-S1-_-y05-59996.xml
VJ_21-S1-_-y05-59996-84-Sa,PK0001816:107,ABLO:PK0001816:107:S1,JP_21-S1-_-y05-59996-17-O-2,06:40:00,7,Saturday,76,tfl_21-S1-_-y05-59996.xml
VJ_21-S1-_-y05-59996-85-Sa,PK0001816:107,ABLO:PK0001816:107:S1,JP_21-S1-_-y05-59996-17-O-2,07:00:00,9,Saturday,77,tfl_21-S1-_-y05-59996.xml
VJ_21-S1-_-y05-59996-86-Sa,PK0001816:107,ABLO:PK0001816:107:S1,JP_21-S1-_-y05-59996-18-O-2,07:20:00,11,Saturday,78,tfl_21-S1-_-y05-59996.xml
VJ_21-S1-_-y05-59996-87-Sa,PK0001816:107,ABLO:PK0001816:107:S1,JP_21-S1-_-y05-59996-20-O-2,07:40:00,13,Saturday,79,tfl_21-S1-_-y05-59996.xml
VJ_21-S1-_-y05-59996-88-Sa,PK0001816:107,ABLO:PK0001816:107:S1,JP_21-S1-_-y05-59996-22-O-2,08:00:00,15,Saturday,80,tfl_21-S1-_-y05-59996.xml
VJ_21-S1-_-y05-59996-89-Sa,PK0001816:107,ABLO:PK0001816:107:S1,JP_21-S1-_-y05-59996-36-O-2,20:00:00,111,Saturday,128,tfl_21-S1-_-y05-59996.xml
VJ_21-S1-_-y05-59996-90-Sa,PK0001816:107,ABLO:PK0001816:107:S1,JP_21-S1-_-y05-59996-38-O-2,19:40:00,109,Saturday,127,tfl_21-S1-_-y05-59996.xml
VJ_21-S1-_-y05-59996-91-Sa,PK0001816:107,ABLO:PK0001816:107:S1,JP_21-S1-_-y05-59996-40-O-2,08:15:00,17,Saturday,81,tfl_21-S1-_-y05-59996.xml
VJ_21-S1-_-y05-59996-92-Sa,PK0001816:107,ABLO:PK0001816:107:S1,JP_21-S1-_-y05-59996-42-O-2,08:29:00,19,Saturday,82,tfl_21-S1-_-y05-59996.xml
VJ_21-S1-_-y05-59996-93-Sa,PK0001816:107,ABLO:PK0001816:107:S1,JP_21-S1-_-y05-59996-43-O-2,08:44:00,21,Saturday,83,tfl_21-S1-_-y05-59996.xml
VJ_21-S1-_-y05-59996-94-Sa,PK0001816:107,ABLO:PK0001816:107:S1,JP_21-S1-_-y05-59996-45-O-2,19:05:00,105,Saturday,125,tfl_21-S1-_-y05-59996.xml
VJ_21-S1-_-y05-59996-95-Sa,PK0001816:107,ABLO:PK0001816:107:S1,JP_21-S1-_-y05-59996-45-O-2,19:20:00,107,Saturday,126,tfl_21-S1-_-y05-59996.xml
VJ_21-S1-_-y05-59996-96-Sa,PK0001816:107,ABLO:PK0001816:107:S1,JP_21-S1-_-y05-59996-47-O-2,18:50:00,103,Saturday,124,tfl_21-S1-_-y05-59996.xml
VJ_21-S1-_-y05-59996-97-Sa,PK0001816:107,ABLO:PK0001816:107:S1,JP_21-S1-_-y05-59996-51-O-2,18:20:00,99,Saturday,122,tfl_21-S1-_-y05-59996.xml
VJ_21-S1-_-y05-59996-98-Sa,PK0001816:107,ABLO:PK0001816:107:S1,JP_21-S1-_-y05-59996-51-O-2,18:35:00,101,Saturday,123,tfl_21-S1-_-y05-59996.xml
VJ_21-S1-_-y05-59996-99-Sa,PK0001816:107,ABLO:PK0001816:107:S1,JP_21-S1-_-y05-59996-52-O-2,18:05:00,97,Saturday,121,tfl_21-S1-_-y05-59996.xml
VJ_21-S1-_-y05-59996-100-Sa,PK0001816:107,ABLO:PK0001816:107:S1,JP_21-S1-_-y05-59996-59-O-2,08:57:00,23,Saturday,84,tfl_21-S1-_-y05-59996.xml
VJ_21-S1-_-y05-59996-101-Sa,PK0001816:107,ABLO:PK0001816:107:S1,JP_21-S1-_-y05-59996-60-O-2,09:11:00,25,Saturday,85,tfl_21-S1-_-y05-59996.xml
VJ_21-S1-_-y05-59996-102-Sa,PK0001816:107,ABLO:PK0001816:107:S1,JP_21-S1-_-y05-59996-61-O-2,17:50:00,95,Saturday,120,tfl_21-S1-_-y05-59996.xml
VJ_21-S1-_-y05-59996-103-Sa,PK0001816:107,ABLO:PK0001816:107:S1,JP_21-S1-_-y05-59996-68-O-2,09:25:00,27,Saturday,86,tfl_21-S1-_-y05-59996.xml
VJ_21-S1-_-y05-59996-104-Sa,PK0001816:107,ABLO:PK0001816:107:S1,JP_21-S1-_-y05-59996-68-O-2,09:40:00,29,Saturday,87,tfl_21-S1-_-y05-59996.xml
VJ_21-S1-_-y05-59996-105-Sa,PK0001816:107,ABLO:PK0001816:107:S1,JP_21-S1-_-y05-59996-69-O-2,09:54:00,31,Saturday,88,tfl_21-S1-_-y05-59996.xml
VJ_21-S1-_-y05-59996-106-Sa,PK0001816:107,ABLO:PK0001816:107:S1,JP_21-S1-_-y05-59996-71-O-2,17:35:00,93,Saturday,119,tfl_21-S1-_-y05-59996.xml
VJ_21-S1-_-y05-59996-107-Sa,PK0001816:107,ABLO:PK0001816:107:S1,JP_21-S1-_-y05-59996-72-O-2,14:50:00,71,Saturday,108,tfl_21-S1-_-y05-59996.xml
VJ_21-S1-_-y05-59996-108-Sa,PK0001816:107,ABLO:PK0001816:107:S1,JP_21-S1-_-y05-59996-72-O-2,15:05:00,73,Saturday,109,tfl_21-S1-_-y05-59996.xml
VJ_21-S1-_-y05-59996-109-Sa,PK0001816:107,ABLO:PK0001816:107:S1,JP_21-S1-_-y05-59996-72-O-2,15:20:00,75,Saturday,110,tfl_21-S1-_-y05-59996.xml
VJ_21-S1-_-y05-59996-110-Sa,PK0001816:107,ABLO:PK0001816:107:S1,JP_21-S1-_-y05-59996-72-O-2,15:35:00,77,Saturday,111,tfl_21-S1-_-y05-59996.xml
VJ_21-S1-_-y05-59996-111-Sa,PK0001816:107,ABLO:PK0001816:107:S1,JP_21-S1-_-y05-59996-72-O-2,15:50:00,79,Saturday,112,tfl_21-S1-_-y05-59996.xml
VJ_21-S1-_-y05-59996-112-Sa,PK0001816:107,ABLO:PK0001816:107:S1,JP_21-S1-_-y05-59996-72-O-2,16:05:00,81,Saturday,113,tfl_21-S1-_-y05-59996.xml
VJ_21-S1-_-y05-59996-113-Sa,PK0001816:107,ABLO:PK0001816:107:S1,JP_21-S1-_-y05-59996-72-O-2,16:20:00,83,Saturday,114,tfl_21-S1-_-y05-59996.xml
VJ_21-S1-_-y05-59996-114-Sa,PK0001816:107,ABLO:PK0001816:107:S1,JP_21-S1-_-y05-59996-72-O-2,16:35:00,85,Saturday,115,tfl_21-S1-_-y05-59996.xml
VJ_21-S1-_-y05-59996-115-Sa,PK0001816:107,ABLO:PK0001816:107:S1,JP_21-S1-_-y05-59996-72-O-2,16:50:00,87,Saturday,116,tfl_21-S1-_-y05-59996.xml
VJ_21-S1-_-y05-59996-116-Sa,PK0001816:107,ABLO:PK0001816:107:S1,JP_21-S1-_-y05-59996-72-O-2,17:05:00,89,Saturday,117,tfl_21-S1-_-y05-59996.xml
VJ_21-S1-_-y05-59996-117-Sa,PK0001816:107,ABLO:PK0001816:107:S1,JP_21-S1-_-y05-59996-72-O-2,17:20:00,91,Saturday,118,tfl_21-S1-_-y05-59996.xml
VJ_21-S1-_-y05-59996-118-Sa,PK0001816:107,ABLO:PK0001816:107:S1,JP_21-S1-_-y05-59996-73-O-2,10:07:00,33,Saturday,89,tfl_21-S1-_-y05-59996.xml
VJ_21-S1-_-y05-59996-119-Sa,PK0001816:107,ABLO:PK0001816:107:S1,JP_21-S1-_-y05-59996-76-O-2,10:21:00,35,Saturday,90,tfl_21-S1-_-y05-59996.xml
VJ_21-S1-_-y05-59996-120-Sa,PK0001816:107,ABLO:PK0001816:107:S1,JP_21-S1-_-y05-59996-77-O-2,10:36:00,37,Saturday,91,tfl_21-S1-_-y05-59996.xml
VJ_21-S1-_-y05-59996-121-Sa,PK0001816:107,ABLO:PK0001816:107:S1,JP_21-S1-_-y05-59996-89-O-2,14:35:00,69,Saturday,107,tfl_21-S1-_-y05-59996.xml
VJ_21-S1-_-y05-59996-122-Sa,PK0001816:107,ABLO:PK0001816:107:S1,JP_21-S1-_-y05-59996-93-O-2,10:50:00,39,Saturday,92,tfl_21-S1-_-y05-59996.xml
VJ_21-S1-_-y05-59996-123-Sa,PK0001816:107,ABLO:PK0001816:107:S1,JP_21-S1-_-y05-59996-94-O-2,11:05:00,41,Saturday,93,tfl_21-S1-_-y05-59996.xml
VJ_21-S1-_-y05-59996-124-Sa,PK0001816:107,ABLO:PK0001816:107:S1,JP_21-S1-_-y05-59996-98-O-2,14:05:00,65,Saturday,105,tfl_21-S1-_-y05-59996.xml
VJ_21-S1-_-y05-59996-125-Sa,PK0001816:107,ABLO:PK0001816:107:S1,JP_21-S1-_-y05-59996-98-O-2,14:20:00,67,Saturday,106,tfl_21-S1-_-y05-59996.xml
VJ_21-S1-_-y05-59996-126-Sa,PK0001816:107,ABLO:PK0001816:107:S1,JP_21-S1-_-y05-59996-99-O-2,13:50:00,63,Saturday,104,tfl_21-S1-_-y05-59996.xml
VJ_21-S1-_-y05-59996-127-Sa,PK0001816:107,ABLO:PK0001816:107:S1,JP_21-S1-_-y05-59996-100-O-2,13:35:00,61,Saturday,103,tfl_21-S1-_-y05-59996.xml
VJ_21-S1-_-y05-59996-128-Sa,PK0001816:107,ABLO:PK0001816:107:S1,JP_21-S1-_-y05-59996-101-O-2,11:20:00,43,Saturday,94,tfl_21-S1-_-y05-59996.xml
VJ_21-S1-_-y05-59996-129-Sa,PK0001816:107,ABLO:PK0001816:107:S1,JP_21-S1-_-y05-59996-101-O-2,11:35:00,45,Saturday,95,tfl_21-S1-_-y05-59996.xml
VJ_21-S1-_-y05-59996-130-Sa,PK0001816:107,ABLO:PK0001816:107:S1,JP_21-S1-_-y05-59996-101-O-2,11:50:00,47,Saturday,96,tfl_21-S1-_-y05-59996.xml
VJ_21-S1-_-y05-59996-131-Sa,PK0001816:107,ABLO:PK0001816:107:S1,JP_21-S1-_-y05-59996-101-O-2,12:05:00,49,Saturday,97,tfl_21-S1-_-y05-59996.xml
VJ_21-S1-_-y05-59996-132-Sa,PK0001816:107,ABLO:PK0001816:107:S1,JP_21-S1-_-y05-59996-101-O-2,12:20:00,51,Saturday,98,tfl_21-S1-_-y05-59996.xml
VJ_21-S1-_-y05-59996-133-Sa,PK0001816:107,ABLO:PK0001816:107:S1,JP_21-S1-_-y05-59996-101-O-2,12:35:00,53,Saturday,99,tfl_21-S1-_-y05-59996.xml
VJ_21-S1-_-y05-59996-134-Sa,PK0001816:107,ABLO:PK0001816:107:S1,JP_21-S1-_-y05-59996-101-O-2,12:50:00,55,Saturday,100,tfl_21-S1-_-y05-59996.xml
VJ_21-S1-_-y05-59996-135-Sa,PK0001816:107,ABLO:PK0001816:107:S1,JP_21-S1-_-y05-59996-101-O-2,13:05:00,57,Saturday,101,tfl_21-S1-_-y05-59996.xml
VJ_21-S1-_-y05-59996-136-Sa,PK0001816:107,ABLO:PK0001816:107:S1,JP_21-S1-_-y05-59996-101-O-2,13:20:00,59,Saturday,102,tfl_21-S1-_-y05-59996.xml
VJ_21-S1-_-y05-59996-6-Su,PK0001816:107,ABLO:PK0001816:107:S1,JP_21-S1-_-y05-59996-2-I-1,22:00:00,90,Sunday,375,tfl_21-S1-_-y05-59996.xml
VJ_21-S1-_-y05-59996-7-Su,PK0001816:107,ABLO:PK0001816:107:S1,JP_21-S1-_-y05-59996-2-I-1,22:20:00,92,Sunday,376,tfl_21-S1-_-y05-59996.xml
VJ_21-S1-_-y05-59996-8-Su,PK0001816:107,ABLO:PK0001816:107:S1,JP_21-S1-_-y05-59996-2-I-1,22:40:00,94,Sunday,377,tfl_21-S1-_-y05-59996.xml
VJ_21-S1-_-y05-59996-10-Su,PK0001816:107,ABLO:PK0001816:107:S1,JP_21-S1-_-y05-59996-2-I-1,23:00:00,96,Sunday,378,tfl_21-S1-_-y05-59996.xml
VJ_21-S1-_-y05-59996-12-Su,PK0001816:107,ABLO:PK0001816:107:S1,JP_21-S1-_-y05-59996-2-I-1,23:20:00,98,Sunday,379,tfl_21-S1-_-y05-59996.xml
VJ_21-S1-_-y05-59996-13-Su,PK0001816:107,ABLO:PK0001816:107:S1,JP_21-S1-_-y05-59996-2-I-1,23:40:00,100,Sunday,380,tfl_21-S1-_-y05-59996.xml
VJ_21-S1-_-y05-59996-15-Su,PK0001816:107,ABLO:PK0001816:107:S1,JP_21-S1-_-y05-59996-2-I-1,00:00:00,102,Sunday,381,tfl_21-S1-_-y05-59996.xml
VJ_21-S1-_-y05-59996-21-Su,PK0001816:107,ABLO:PK0001816:107:S1,JP_21-S1-_-y05-59996-5-I-1,20:40:00,82,Sunday,371,tfl_21-S1-_-y05-59996.xml
VJ_21-S1-_-y05-59996-22-Su,PK0001816:107,ABLO:PK0001816:107:S1,JP_21-S1-_-y05-59996-5-I-1,21:00:00,84,Sunday,372,tfl_21-S1-_-y05-59996.xml
VJ_21-S1-_-y05-59996-23-Su,PK0001816:107,ABLO:PK0001816:107:S1,JP_21-S1-_-y05-59996-5-I-1,21:20:00,86,Sunday,373,tfl_21-S1-_-y05-59996.xml
VJ_21-S1-_-y05-59996-24-Su,PK0001816:107,ABLO:PK0001816:107:S1,JP_21-S1-_-y05-59996-5-I-1,21:40:00,88,Sunday,374,tfl_21-S1-_-y05-59996.xml
VJ_21-S1-_-y05-59996-28-Su,PK0001816:107,ABLO:PK0001816:107:S1,JP_21-S1-_-y05-59996-6-I-1,20:20:00,80,Sunday,370,tfl_21-S1-_-y05-59996.xml
VJ_21-S1-_-y05-59996-30-Su,PK0001816:107,ABLO:PK0001816:107:S1,JP_21-S1-_-y05-59996-7-I-1,06:40:00,2,Sunday,331,tfl_21-S1-_-y05-59996.xml
VJ_21-S1-_-y05-59996-31-Su,PK0001816:107,ABLO:PK0001816:107:S1,JP_21-S1-_-y05-59996-7-I-1,07:10:00,4,Sunday,332,tfl_21-S1-_-y05-59996.xml
VJ_21-S1-_-y05-59996-32-Su,PK0001816:107,ABLO:PK0001816:107:S1,JP_21-S1-_-y05-59996-7-I-1,07:40:00,6,Sunday,333,tfl_21-S1-_-y05-59996.xml
VJ_21-S1-_-y05-59996-33-Su,PK0001816:107,ABLO:PK0001816:107:S1,JP_21-S1-_-y05-59996-7-I-1,08:10:00,8,Sunday,334,tfl_21-S1-_-y05-59996.xml
VJ_21-S1-_-y05-59996-46-Su,PK0001816:107,ABLO:PK0001816:107:S1,JP_21-S1-_-y05-59996-19-I-1,08:40:00,10,Sunday,335,tfl_21-S1-_-y05-59996.xml
VJ_21-S1-_-y05-59996-47-Su,PK0001816:107,ABLO:PK0001816:107:S1,JP_21-S1-_-y05-59996-20-I-1,09:00:00,12,Sunday,336,tfl_21-S1-_-y05-59996.xml
VJ_21-S1-_-y05-59996-50-Su,PK0001816:107,ABLO:PK0001816:107:S1,JP_21-S1-_-y05-59996-23-I-1,20:00:00,78,Sunday,369,tfl_21-S1-_-y05-59996.xml
VJ_21-S1-_-y05-59996-51-Su,PK0001816:107,ABLO:PK0001816:107:S1,JP_21-S1-_-y05-59996-24-I-1,19:40:00,76,Sunday,368,tfl_21-S1-_-y05-59996.xml
VJ_21-S1-_-y05-59996-52-Su,PK0001816:107,ABLO:PK0001816:107:S1,JP_21-S1-_-y05-59996-25-I-1,19:00:00,72,Sunday,366,tfl_21-S1-_-y05-59996.xml
VJ_21-S1-_-y05-59996-53-Su,PK0001816:107,ABLO:PK0001816:107:S1,JP_21-S1-_-y05-59996-25-I-1,19:20:00,74,Sunday,367,tfl_21-S1-_-y05-59996.xml
VJ_21-S1-_-y05-59996-54-Su,PK0001816:107,ABLO:PK0001816:107:S1,JP_21-S1-_-y05-59996-26-I-1,09:20:00,14,Sunday,337,tfl_21-S1-_-y05-59996.xml
VJ_21-S1-_-y05-59996-67-Su,PK0001816:107,ABLO:PK0001816:107:S1,JP_21-S1-_-y05-59996-36-I-1,18:40:00,70,Sunday,365,tfl_21-S1-_-y05-59996.xml
VJ_21-S1-_-y05-59996-68-Su,PK0001816:107,ABLO:PK0001816:107:S1,JP_21-S1-_-y05-59996-37-I-1,18:20:00,68,Sunday,364,tfl_21-S1-_-y05-59996.xml
VJ_21-S1-_-y05-59996-69-Su,PK0001816:107,ABLO:PK0001816:107:S1,JP_21-S1-_-y05-59996-38-I-1,15:40:00,52,Sunday,356,tfl_21-S1-_-y05-59996.xml
VJ_21-S1-_-y05-59996-70-Su,PK0001816:107,ABLO:PK0001816:107:S1,JP_21-S1-_-y05-59996-38-I-1,16:00:00,54,Sunday,357,tfl_21-S1-_-y05-59996.xml
VJ_21-S1-_-y05-59996-71-Su,PK0001816:107,ABLO:PK0001816:107:S1,JP_21-S1-_-y05-59996-38-I-1,16:20:00,56,Sunday,358,tfl_21-S1-_-y05-59996.xml
VJ_21-S1-_-y05-59996-72-Su,PK0001816:107,ABLO:PK0001816:107:S1,JP_21-S1-_-y05-59996-38-I-1,16:40:00,58,Sunday,359,tfl_21-S1-_-y05-59996.xml
VJ_21-S1-_-y05-59996-73-Su,PK0001816:107,ABLO:PK0001816:107:S1,JP_21-S1-_-y05-59996-38-I-1,17:00:00,60,Sunday,360,tfl_21-S1-_-y05-59996.xml
VJ_21-S1-_-y05-59996-74-Su,PK0001816:107,ABLO:PK0001816:107:S1,JP_21-S1-_-y05-59996-38-I-1,17:20:00,62,Sunday,361,tfl_21-S1-_-y05-59996.xml
VJ_21-S1-_-y05-59996-75-Su,PK0001816:107,ABLO:PK0001816:107:S1,JP_21-S1-_-y05-59996-38-I-1,17:40:00,64,Sunday,362,tfl_21-S1-_-y05-59996.xml
VJ_21-S1-_-y05-59996-76-Su,PK0001816:107,ABLO:PK0001816:107:S1,JP_21-S1-_-y05-59996-38-I-1,18:00:00,66,Sunday,363,tfl_21-S1-_-y05-59996.xml
VJ_21-S1-_-y05-59996-77-Su,PK0001816:107,ABLO:PK0001816:107:S1,JP_21-S1-_-y05-59996-39-I-1,09:40:00,16,Sunday,338,tfl_21-S1-_-y05-59996.xml
VJ_21-S1-_-y05-59996-78-Su,PK0001816:107,ABLO:PK0001816:107:S1,JP_21-S1-_-y05-59996-39-I-1,10:00:00,18,Sunday,339,tfl_21-S1-_-y05-59996.xml
VJ_21-S1-_-y05-59996-79-Su,PK0001816:107,ABLO:PK0001816:107:S1,JP_21-S1-_-y05-59996-39-I-1,10:20:00,20,Sunday,340,tfl_21-S1-_-y05-59996.xml
VJ_21-S1-_-y05-59996-80-Su,PK0001816:107,ABLO:PK0001816:107:S1,JP_21-S1-_-y05-59996-39-I-1,10:40:00,22,Sunday,341,tfl_21-S1-_-y05-59996.xml
VJ_21-S1-_-y05-59996-81-Su,PK0001816:107,ABLO:PK0001816:107:S1,JP_21-S1-_-y05-59996-40-I-1,11:00:00,24,Sunday,342,tfl_21-S1-_-y05-59996.xml
VJ_21-S1-_-y05-59996-82-Su,PK0001816:107,ABLO:PK0001816:107:S1,JP_21-S1-_-y05-59996-40-I-1,11:20:00,26,Sunday,343,tfl_21-S1-_-y05-59996.xml
VJ_21-S1-_-y05-59996-83-Su,PK0001816:107,ABLO:PK0001816:107:S1,JP_21-S1-_-y05-59996-41-I-1,11:40:00,28,Sunday,344,tfl_21-S1-_-y05-59996.xml
VJ_21-S1-_-y05-59996-93-Su,PK0001816:107,ABLO:PK0001816:107:S1,JP_21-S1-_-y05-59996-46-I-1,14:00:00,42,Sunday,351,tfl_21-S1-_-y05-59996.xml
VJ_21-S1-_-y05-59996-94-Su,PK0001816:107,ABLO:PK0001816:107:S1,JP_21-S1-_-y05-59996-46-I-1,14:20:00,44,Sunday,352,tfl_21-S1-_-y05-59996.xml
VJ_21-S1-_-y05-59996-95-Su,PK0001816:107,ABLO:PK0001816:107:S1,JP_21-S1-_-y05-59996-46-I-1,14:40:00,46,Sunday,353,tfl_21-S1-_-y05-59996.xml
VJ_21-S1-_-y05-59996-96-Su,PK0001816:107,ABLO:PK0001816:107:S1,JP_21-S1-_-y05-59996-46-I-1,15:00:00,48,Sunday,354,tfl_21-S1-_-y05-59996.xml
VJ_21-S1-_-y05-59996-97-Su,PK0001816:107,ABLO:PK0001816:107:S1,JP_21-S1-_-y05-59996-46-I-1,15:20:00,50,Sunday,355,tfl_21-S1-_-y05-59996.xml
VJ_21-S1-_-y05-59996-98-Su,PK0001816:107,ABLO:PK0001816:107:S1,JP_21-S1-_-y05-59996-47-I-1,13:40:00,40,Sunday,350,tfl_21-S1-_-y05-59996.xml
VJ_21-S1-_-y05-59996-99-Su,PK0001816:107,ABLO:PK0001816:107:S1,JP_21-S1-_-y05-59996-48-I-1,12:00:00,30,Sunday,345,tfl_21-S1-_-y05-59996.xml
VJ_21-S1-_-y05-59996-100-Su,PK0001816:107,ABLO:PK0001816:107:S1,JP_21-S1-_-y05-59996-48-I-1,12:20:00,32,Sunday,346,tfl_21-S1-_-y05-59996.xml
VJ_21-S1-_-y05-59996-101-Su,PK0001816:107,ABLO:PK0001816:107:S1,JP_21-S1-_-y05-59996-48-I-1,12:40:00,34,Sunday,347,tfl_21-S1-_-y05-59996.xml
VJ_21-S1-_-y05-59996-102-Su,PK0001816:107,ABLO:PK0001816:107:S1,JP_21-S1-_-y05-59996-48-I-1,13:00:00,36,Sunday,348,tfl_21-S1-_-y05-59996.xml
VJ_21-S1-_-y05-59996-103-Su,PK0001816:107,ABLO:PK0001816:107:S1,JP_21-S1-_-y05-59996-48-I-1,13:20:00,38,Sunday,349,tfl_21-S1-_-y05-59996.xml
VJ_21-S1-_-y05-59996-199-Su,PK0001816:107,ABLO:PK0001816:107:S1,JP_21-S1-_-y05-59996-6-O-2,22:40:00,93,Sunday,187,tfl_21-S1-_-y05-59996.xml
VJ_21-S1-_-y05-59996-200-Su,PK0001816:107,ABLO:PK0001816:107:S1,JP_21-S1-_-y05-59996-6-O-2,23:00:00,95,Sunday,188,tfl_21-S1-_-y05-59996.xml
VJ_21-S1-_-y05-59996-202-Su,PK0001816:107,ABLO:PK0001816:107:S1,JP_21-S1-_-y05-59996-6-O-2,23:20:00,97,Sunday,189,tfl_21-S1-_-y05-59996.xml
VJ_21-S1-_-y05-59996-204-Su,PK0001816:107,ABLO:PK0001816:107:S1,JP_21-S1-_-y05-59996-6-O-2,23:40:00,99,Sunday,190,tfl_21-S1-_-y05-59996.xml
VJ_21-S1-_-y05-59996-205-Su,PK0001816:107,ABLO:PK0001816:107:S1,JP_21-S1-_-y05-59996-6-O-2,00:00:00,101,Sunday,191,tfl_21-S1-_-y05-59996.xml
VJ_21-S1-_-y05-59996-213-Su,PK0001816:107,ABLO:PK0001816:107:S1,JP_21-S1-_-y05-59996-10-O-2,22:20:00,91,Sunday,186,tfl_21-S1-_-y05-59996.xml
VJ_21-S1-_-y05-59996-214-Su,PK0001816:107,ABLO:PK0001816:107:S1,JP_21-S1-_-y05-59996-11-O-2,21:20:00,85,Sunday,183,tfl_21-S1-_-y05-59996.xml
VJ_21-S1-_-y05-59996-215-Su,PK0001816:107,ABLO:PK0001816:107:S1,JP_21-S1-_-y05-59996-11-O-2,21:40:00,87,Sunday,184,tfl_21-S1-_-y05-59996.xml
VJ_21-S1-_-y05-59996-216-Su,PK0001816:107,ABLO:PK0001816:107:S1,JP_21-S1-_-y05-59996-11-O-2,22:00:00,89,Sunday,185,tfl_21-S1-_-y05-59996.xml
VJ_21-S1-_-y05-59996-217-Su,PK0001816:107,ABLO:PK0001816:107:S1,JP_21-S1-_-y05-59996-12-O-2,21:00:00,83,Sunday,182,tfl_21-S1-_-y05-59996.xml
VJ_21-S1-_-y05-59996-221-Su,PK0001816:107,ABLO:PK0001816:107:S1,JP_21-S1-_-y05-59996-13-O-2,20:40:00,81,Sunday,181,tfl_21-S1-_-y05-59996.xml
VJ_21-S1-_-y05-59996-225-Su,PK0001816:107,ABLO:PK0001816:107:S1,JP_21-S1-_-y05-59996-16-O-2,06:40:00,1,Sunday,141,tfl_21-S1-_-y05-59996.xml
VJ_21-S1-_-y05-59996-226-Su,PK0001816:107,ABLO:PK0001816:107:S1,JP_21-S1-_-y05-59996-16-O-2,07:10:00,3,Sunday,142,tfl_21-S1-_-y05-59996.xml
VJ_21-S1-_-y05-59996-230-Su,PK0001816:107,ABLO:PK0001816:107:S1,JP_21-S1-_-y05-59996-18-O-2,07:40:00,5,Sunday,143,tfl_21-S1-_-y05-59996.xml
VJ_21-S1-_-y05-59996-231-Su,PK0001816:107,ABLO:PK0001816:107:S1,JP_21-S1-_-y05-59996-19-O-2,08:10:00,7,Sunday,144,tfl_21-S1-_-y05-59996.xml
VJ_21-S1-_-y05-59996-233-Su,PK0001816:107,ABLO:PK0001816:107:S1,JP_21-S1-_-y05-59996-21-O-2,08:40:00,9,Sunday,145,tfl_21-S1-_-y05-59996.xml
VJ_21-S1-_-y05-59996-235-Su,PK0001816:107,ABLO:PK0001816:107:S1,JP_21-S1-_-y05-59996-23-O-2,09:00:00,11,Sunday,146,tfl_21-S1-_-y05-59996.xml
VJ_21-S1-_-y05-59996-244-Su,PK0001816:107,ABLO:PK0001816:107:S1,JP_21-S1-_-y05-59996-30-O-2,20:00:00,77,Sunday,179,tfl_21-S1-_-y05-59996.xml
VJ_21-S1-_-y05-59996-245-Su,PK0001816:107,ABLO:PK0001816:107:S1,JP_21-S1-_-y05-59996-30-O-2,20:20:00,79,Sunday,180,tfl_21-S1-_-y05-59996.xml
VJ_21-S1-_-y05-59996-246-Su,PK0001816:107,ABLO:PK0001816:107:S1,JP_21-S1-_-y05-59996-31-O-2,19:40:00,75,Sunday,178,tfl_21-S1-_-y05-59996.xml
VJ_21-S1-_-y05-59996-253-Su,PK0001816:107,ABLO:PK0001816:107:S1,JP_21-S1-_-y05-59996-37-O-2,18:40:00,69,Sunday,175,tfl_21-S1-_-y05-59996.xml
VJ_21-S1-_-y05-59996-254-Su,PK0001816:107,ABLO:PK0001816:107:S1,JP_21-S1-_-y05-59996-37-O-2,19:00:00,71,Sunday,176,tfl_21-S1-_-y05-59996.xml
VJ_21-S1-_-y05-59996-255-Su,PK0001816:107,ABLO:PK0001816:107:S1,JP_21-S1-_-y05-59996-37-O-2,19:20:00,73,Sunday,177,tfl_21-S1-_-y05-59996.xml
VJ_21-S1-_-y05-59996-257-Su,PK0001816:107,ABLO:PK0001816:107:S1,JP_21-S1-_-y05-59996-39-O-2,18:20:00,67,Sunday,174,tfl_21-S1-_-y05-59996.xml
VJ_21-S1-_-y05-59996-259-Su,PK0001816:107,ABLO:PK0001816:107:S1,JP_21-S1-_-y05-59996-41-O-2,17:20:00,61,Sunday,171,tfl_21-S1-_-y05-59996.xml
VJ_21-S1-_-y05-59996-260-Su,PK0001816:107,ABLO:PK0001816:107:S1,JP_21-S1-_-y05-59996-41-O-2,17:40:00,63,Sunday,172,tfl_21-S1-_-y05-59996.xml
VJ_21-S1-_-y05-59996-261-Su,PK0001816:107,ABLO:PK0001816:107:S1,JP_21-S1-_-y05-59996-41-O-2,18:00:00,65,Sunday,173,tfl_21-S1-_-y05-59996.xml
VJ_21-S1-_-y05-59996-264-Su,PK0001816:107,ABLO:PK0001816:107:S1,JP_21-S1-_-y05-59996-44-O-2,09:20:00,13,Sunday,147,tfl_21-S1-_-y05-59996.xml
VJ_21-S1-_-y05-59996-265-Su,PK0001816:107,ABLO:PK0001816:107:S1,JP_21-S1-_-y05-59996-44-O-2,09:40:00,15,Sunday,148,tfl_21-S1-_-y05-59996.xml
VJ_21-S1-_-y05-59996-266-Su,PK0001816:107,ABLO:PK0001816:107:S1,JP_21-S1-_-y05-59996-45-O-2,10:00:00,17,Sunday,149,tfl_21-S1-_-y05-59996.xml
VJ_21-S1-_-y05-59996-267-Su,PK0001816:107,ABLO:PK0001816:107:S1,JP_21-S1-_-y05-59996-45-O-2,10:20:00,19,Sunday,150,tfl_21-S1-_-y05-59996.xml
VJ_21-S1-_-y05-59996-270-Su,PK0001816:107,ABLO:PK0001816:107:S1,JP_21-S1-_-y05-59996-46-O-2,10:40:00,21,Sunday,151,tfl_21-S1-_-y05-59996.xml
VJ_21-S1-_-y05-59996-272-Su,PK0001816:107,ABLO:PK0001816:107:S1,JP_21-S1-_-y05-59996-48-O-2,17:00:00,59,Sunday,170,tfl_21-S1-_-y05-59996.xml
VJ_21-S1-_-y05-59996-274-Su,PK0001816:107,ABLO:PK0001816:107:S1,JP_21-S1-_-y05-59996-50-O-2,16:00:00,53,Sunday,167,tfl_21-S1-_-y05-59996.xml
VJ_21-S1-_-y05-59996-275-Su,PK0001816:107,ABLO:PK0001816:107:S1,JP_21-S1-_-y05-59996-50-O-2,16:20:00,55,Sunday,168,tfl_21-S1-_-y05-59996.xml
VJ_21-S1-_-y05-59996-276-Su,PK0001816:107,ABLO:PK0001816:107:S1,JP_21-S1-_-y05-59996-50-O-2,16:40:00,57,Sunday,169,tfl_21-S1-_-y05-59996.xml
VJ_21-S1-_-y05-59996-277-Su,PK0001816:107,ABLO:PK0001816:107:S1,JP_21-S1-_-y05-59996-51-O-2,15:00:00,47,Sunday,164,tfl_21-S1-_-y05-59996.xml
VJ_21-S1-_-y05-59996-278-Su,PK0001816:107,ABLO:PK0001816:107:S1,JP_21-S1-_-y05-59996-51-O-2,15:20:00,49,Sunday,165,tfl_21-S1-_-y05-59996.xml
VJ_21-S1-_-y05-59996-279-Su,PK0001816:107,ABLO:PK0001816:107:S1,JP_21-S1-_-y05-59996-51-O-2,15:40:00,51,Sunday,166,tfl_21-S1-_-y05-59996.xml
VJ_21-S1-_-y05-59996-284-Su,PK0001816:107,ABLO:PK0001816:107:S1,JP_21-S1-_-y05-59996-54-O-2,11:00:00,23,Sunday,152,tfl_21-S1-_-y05-59996.xml
VJ_21-S1-_-y05-59996-287-Su,PK0001816:107,ABLO:PK0001816:107:S1,JP_21-S1-_-y05-59996-57-O-2,14:40:00,45,Sunday,163,tfl_21-S1-_-y05-59996.xml
VJ_21-S1-_-y05-59996-288-Su,PK0001816:107,ABLO:PK0001816:107:S1,JP_21-S1-_-y05-59996-58-O-2,11:20:00,25,Sunday,153,tfl_21-S1-_-y05-59996.xml
VJ_21-S1-_-y05-59996-292-Su,PK0001816:107,ABLO:PK0001816:107:S1,JP_21-S1-_-y05-59996-62-O-2,14:20:00,43,Sunday,162,tfl_21-S1-_-y05-59996.xml
VJ_21-S1-_-y05-59996-293-Su,PK0001816:107,ABLO:PK0001816:107:S1,JP_21-S1-_-y05-59996-63-O-2,11:40:00,27,Sunday,154,tfl_21-S1-_-y05-59996.xml
VJ_21-S1-_-y05-59996-294-Su,PK0001816:107,ABLO:PK0001816:107:S1,JP_21-S1-_-y05-59996-64-O-2,14:00:00,41,Sunday,161,tfl_21-S1-_-y05-59996.xml
VJ_21-S1-_-y05-59996-295-Su,PK0001816:107,ABLO:PK0001816:107:S1,JP_21-S1-_-y05-59996-65-O-2,12:00:00,29,Sunday,155,tfl_21-S1-_-y05-59996.xml
VJ_21-S1-_-y05-59996-296-Su,PK0001816:107,ABLO:PK0001816:107:S1,JP_21-S1-_-y05-59996-65-O-2,12:20:00,31,Sunday,156,tfl_21-S1-_-y05-59996.xml
VJ_21-S1-_-y05-59996-297-Su,PK0001816:107,ABLO:PK0001816:107:S1,JP_21-S1-_-y05-59996-65-O-2,12:40:00,33,Sunday,157,tfl_21-S1-_-y05-59996.xml
VJ_21-S1-_-y05-59996-298-Su,PK0001816:107,ABLO:PK0001816:107:S1,JP_21-S1-_-y05-59996-65-O-2,13:00:00,35,Sunday,158,tfl_21-S1-_-y05-59996.xml
VJ_21-S1-_-y05-59996-299-Su,PK0001816:107,ABLO:PK0001816:107:S1,JP_21-S1-_-y05-59996-65-O-2,13:20:00,37,Sunday,159,tfl_21-S1-_-y05-59996.xml
VJ_21-S1-_-y05-59996-300-Su,PK0001816:107,ABLO:PK0001816:107:S1,JP_21-S1-_-y05-59996-65-O-2,13:40:00,39,Sunday,160,tfl_21-S1-_-y05-59996.xml
VJ_21-S1-_-y05-59996-2-MF,PK0001816:107,ABLO:PK0001816:107:S1,JP_21-S1-_-y05-59996-1-I-1,23:00:00,136,"Monday,Tuesday,Wednesday,Thursday,Friday",259,tfl_21-S1-_-y05-59996.xml
VJ_21-S1-_-y05-59996-3-MF,PK0001816:107,ABLO:PK0001816:107:S1,JP_21-S1-_-y05-59996-1-I-1,23:20:00,138,"Monday,Tuesday,Wednesday,Thursday,Friday",260,tfl_21-S1-_-y05-59996.xml
VJ_21-S1-_-y05-59996-4-MF,PK0001816:107,ABLO:PK0001816:107:S1,JP_21-S1-_-y05-59996-1-I-1,23:40:00,140,"Monday,Tuesday,Wednesday,Thursday,Friday",261,tfl_21-S1-_-y05-59996.xml
VJ_21-S1-_-y05-59996-5-MF,PK0001816:107,ABLO:PK0001816:107:S1,JP_21-S1-_-y05-59996-1-I-1,00:00:00,142,"Monday,Tuesday,Wednesday,Thursday,Friday",262,tfl_21-S1-_-y05-59996.xml
VJ_21-S1-_-y05-59996-11-MF,PK0001816:107,ABLO:PK0001816:107:S1,JP_21-S1-_-y05-59996-4-I-1,22:00:00,130,"Monday,Tuesday,Wednesday,Thursday,Friday",256,tfl_21-S1-_-y05-59996.xml
VJ_21-S1-_-y05-59996-12-MF,PK0001816:107,ABLO:PK0001816:107:S1,JP_21-S1-_-y05-59996-4-I-1,22:20:00,132,"Monday,Tuesday,Wednesday,Thursday,Friday",257,tfl_21-S1-_-y05-59996.xml
VJ_21-S1-_-y05-59996-13-MF,PK0001816:107,ABLO:PK0001816:107:S1,JP_21-S1-_-y05-59996-4-I-1,22:40:00,134,"Monday,Tuesday,Wednesday,Thursday,Friday",258,tfl_21-S1-_-y05-59996.xml
VJ_21-S1-_-y05-59996-20-MF,PK0001816:107,ABLO:PK0001816:107:S1,JP_21-S1-_-y05-59996-10-I-1,05:20:00,2,"Monday,Tuesday,Wednesday,Thursday,Friday",192,tfl_21-S1-_-y05-59996.xml
VJ_21-S1-_-y05-59996-21-MF,PK0001816:107,ABLO:PK0001816:107:S1,JP_21-S1-_-y05-59996-11-I-1,06:00:00,6,"Monday,Tuesday,Wednesday,Thursday,Friday",194,tfl_21-S1-_-y05-59996.xml
VJ_21-S1-_-y05-59996-22-MF,PK0001816:107,ABLO:PK0001816:107:S1,JP_21-S1-_-y05-59996-12-I-1,05:40:00,4,"Monday,Tuesday,Wednesday,Thursday,Friday",193,tfl_21-S1-_-y05-59996.xml
VJ_21-S1-_-y05-59996-23-MF,PK0001816:107,ABLO:PK0001816:107:S1,JP_21-S1-_-y05-59996-13-I-1,21:40:00,128,"Monday,Tuesday,Wednesday,Thursday,Friday",255,tfl_21-S1-_-y05-59996.xml
VJ_21-S1-_-y05-59996-25-MF,PK0001816:107,ABLO:PK0001816:107:S1,JP_21-S1-_-y05-59996-15-I-1,21:20:00,126,"Monday,Tuesday,Wednesday,Thursday,Friday",254,tfl_21-S1-_-y05-59996.xml
VJ_21-S1-_-y05-59996-29-MF,PK0001816:107,ABLO:PK0001816:107:S1,JP_21-S1-_-y05-59996-18-I-1,21:00:00,124,"Monday,Tuesday,Wednesday,Thursday,Friday",253,tfl_21-S1-_-y05-59996.xml
VJ_21-S1-_-y05-59996-40-MF,PK0001816:107,ABLO:PK0001816:107:S1,JP_21-S1-_-y05-59996-32-I-1,06:20:00,8,"Monday,Tuesday,Wednesday,Thursday,Friday",195,tfl_21-S1-_-y05-59996.xml
VJ_21-S1-_-y05-59996-42-MF,PK0001816:107,ABLO:PK0001816:107:S1,JP_21-S1-_-y05-59996-34-I-1,20:40:00,122,"Monday,Tuesday,Wednesday,Thursday,Friday",252,tfl_21-S1-_-y05-59996.xml
VJ_21-S1-_-y05-59996-53-MF,PK0001816:107,ABLO:PK0001816:107:S1,JP_21-S1-_-y05-59996-49-I-1,09:32:00,34,"Monday,Tuesday,Wednesday,Thursday,Friday",208,tfl_21-S1-_-y05-59996.xml
VJ_21-S1-_-y05-59996-54-MF,PK0001816:107,ABLO:PK0001816:107:S1,JP_21-S1-_-y05-59996-49-I-1,09:47:00,36,"Monday,Tuesday,Wednesday,Thursday,Friday",209,tfl_21-S1-_-y05-59996.xml
VJ_21-S1-_-y05-59996-55-MF,PK0001816:107,ABLO:PK0001816:107:S1,JP_21-S1-_-y05-59996-49-I-1,10:02:00,38,"Monday,Tuesday,Wednesday,Thursday,Friday",210,tfl_21-S1-_-y05-59996.xml
VJ_21-S1-_-y05-59996-56-MF,PK0001816:107,ABLO:PK0001816:107:S1,JP_21-S1-_-y05-59996-49-I-1,10:17:00,40,"Monday,Tuesday,Wednesday,Thursday,Friday",211,tfl_21-S1-_-y05-59996.xml
VJ_21-S1-_-y05-59996-57-MF,PK0001816:107,ABLO:PK0001816:107:S1,JP_21-S1-_-y05-59996-49-I-1,10:32:00,42,"Monday,Tuesday,Wednesday,Thursday,Friday",212,tfl_21-S1-_-y05-59996.xml
VJ_21-S1-_-y05-59996-58-MF,PK0001816:107,ABLO:PK0001816:107:S1,JP_21-S1-_-y05-59996-50-I-1,09:19:00,32,"Monday,Tuesday,Wednesday,Thursday,Friday",207,tfl_21-S1-_-y05-59996.xml
VJ_21-S1-_-y05-59996-59-MF,PK0001816:107,ABLO:PK0001816:107:S1,JP_21-S1-_-y05-59996-51-I-1,09:04:00,30,"Monday,Tuesday,Wednesday,Thursday,Friday",206,tfl_21-S1-_-y05-59996.xml
VJ_21-S1-_-y05-59996-60-MF,PK0001816:107,ABLO:PK0001816:107:S1,JP_21-S1-_-y05-59996-52-I-1,06:40:00,10,"Monday,Tuesday,Wednesday,Thursday,Friday",196,tfl_21-S1-_-y05-59996.xml
VJ_21-S1-_-y05-59996-61-MF,PK0001816:107,ABLO:PK0001816:107:S1,JP_21-S1-_-y05-59996-52-I-1,06:58:00,12,"Monday,Tuesday,Wednesday,Thursday,Friday",197,tfl_21-S1-_-y05-59996.xml
VJ_21-S1-_-y05-59996-62-MF,PK0001816:107,ABLO:PK0001816:107:S1,JP_21-S1-_-y05-59996-52-I-1,07:11:00,14,"Monday,Tuesday,Wednesday,Thursday,Friday",198,tfl_21-S1-_-y05-59996.xml
VJ_21-S1-_-y05-59996-63-MF,PK0001816:107,ABLO:PK0001816:107:S1,JP_21-S1-_-y05-59996-53-I-1,07:23:00,16,"Monday,Tuesday,Wednesday,Thursday,Friday",199,tfl_21-S1-_-y05-59996.xml
VJ_21-S1-_-y05-59996-65-MF,PK0001816:107,ABLO:PK0001816:107:S1,JP_21-S1-_-y05-59996-55-I-1,20:20:00,120,"Monday,Tuesday,Wednesday,Thursday,Friday",251,tfl_21-S1-_-y05-59996.xml
VJ_21-S1-_-y05-59996-66-MF,PK0001816:107,ABLO:PK0001816:107:S1,JP_21-S1-_-y05-59996-56-I-1,19:45:00,116,"Monday,Tuesday,Wednesday,Thursday,Friday",249,tfl_21-S1-_-y05-59996.xml
VJ_21-S1-_-y05-59996-67-MF,PK0001816:107,ABLO:PK0001816:107:S1,JP_21-S1-_-y05-59996-57-I-1,20:00:00,118,"Monday,Tuesday,Wednesday,Thursday,Friday",250,tfl_21-S1-_-y05-59996.xml
VJ_21-S1-_-y05-59996-68-MF,PK0001816:107,ABLO:PK0001816:107:S1,JP_21-S1-_-y05-59996-58-I-1,19:30:00,114,"Monday,Tuesday,Wednesday,Thursday,Friday",248,tfl_21-S1-_-y05-59996.xml
VJ_21-S1-_-y05-59996-73-MF,PK0001816:107,ABLO:PK0001816:107:S1,JP_21-S1-_-y05-59996-61-I-1,10:47:00,44,"Monday,Tuesday,Wednesday,Thursday,Friday",213,tfl_21-S1-_-y05-59996.xml
VJ_21-S1-_-y05-59996-74-MF,PK0001816:107,ABLO:PK0001816:107:S1,JP_21-S1-_-y05-59996-61-I-1,11:02:00,46,"Monday,Tuesday,Wednesday,Thursday,Friday",214,tfl_21-S1-_-y05-59996.xml
VJ_21-S1-_-y05-59996-75-MF,PK0001816:107,ABLO:PK0001816:107:S1,JP_21-S1-_-y05-59996-61-I-1,11:17:00,48,"Monday,Tuesday,Wednesday,Thursday,Friday",215,tfl_21-S1-_-y05-59996.xml
VJ_21-S1-_-y05-59996-76-MF,PK0001816:107,ABLO:PK0001816:107:S1,JP_21-S1-_-y05-59996-61-I-1,11:32:00,50,"Monday,Tuesday,Wednesday,Thursday,Friday",216,tfl_21-S1-_-y05-59996.xml
VJ_21-S1-_-y05-59996-77-MF,PK0001816:107,ABLO:PK0001816:107:S1,JP_21-S1-_-y05-59996-61-I-1,11:47:00,52,"Monday,Tuesday,Wednesday,Thursday,Friday",217,tfl_21-S1-_-y05-59996.xml
VJ_21-S1-_-y05-59996-78-MF,PK0001816:107,ABLO:PK0001816:107:S1,JP_21-S1-_-y05-59996-61-I-1,12:02:00,54,"Monday,Tuesday,Wednesday,Thursday,Friday",218,tfl_21-S1-_-y05-59996.xml
VJ_21-S1-_-y05-59996-79-MF,PK0001816:107,ABLO:PK0001816:107:S1,JP_21-S1-_-y05-59996-61-I-1,12:17:00,56,"Monday,Tuesday,Wednesday,Thursday,Friday",219,tfl_21-S1-_-y05-59996.xml
VJ_21-S1-_-y05-59996-80-MF,PK0001816:107,ABLO:PK0001816:107:S1,JP_21-S1-_-y05-59996-61-I-1,12:32:00,58,"Monday,Tuesday,Wednesday,Thursday,Friday",220,tfl_21-S1-_-y05-59996.xml
VJ_21-S1-_-y05-59996-81-MF,PK0001816:107,ABLO:PK0001816:107:S1,JP_21-S1-_-y05-59996-61-I-1,12:47:00,60,"Monday,Tuesday,Wednesday,Thursday,Friday",221,tfl_21-S1-_-y05-59996.xml
VJ_21-S1-_-y05-59996-82-MF,PK0001816:107,ABLO:PK0001816:107:S1,JP_21-S1-_-y05-59996-61-I-1,13:02:00,62,"Monday,Tuesday,Wednesday,Thursday,Friday",222,tfl_21-S1-_-y05-59996.xml
VJ_21-S1-_-y05-59996-83-MF,PK0001816:107,ABLO:PK0001816:107:S1,JP_21-S1-_-y05-59996-61-I-1,13:17:00,64,"Monday,Tuesday,Wednesday,Thursday,Friday",223,tfl_21-S1-_-y05-59996.xml
VJ_21-S1-_-y05-59996-84-MF,PK0001816:107,ABLO:PK0001816:107:S1,JP_21-S1-_-y05-59996-61-I-1,13:32:00,66,"Monday,Tuesday,Wednesday,Thursday,Friday",224,tfl_21-S1-_-y05-59996.xml
VJ_21-S1-_-y05-59996-85-MF,PK0001816:107,ABLO:PK0001816:107:S1,JP_21-S1-_-y05-59996-61-I-1,13:47:00,68,"Monday,Tuesday,Wednesday,Thursday,Friday",225,tfl_21-S1-_-y05-59996.xml
VJ_21-S1-_-y05-59996-86-MF,PK0001816:107,ABLO:PK0001816:107:S1,JP_21-S1-_-y05-59996-62-I-1,14:02:00,70,"Monday,Tuesday,Wednesday,Thursday,Friday",226,tfl_21-S1-_-y05-59996.xml
VJ_21-S1-_-y05-59996-87-MF,PK0001816:107,ABLO:PK0001816:107:S1,JP_21-S1-_-y05-59996-63-I-1,14:17:00,72,"Monday,Tuesday,Wednesday,Thursday,Friday",227,tfl_21-S1-_-y05-59996.xml
VJ_21-S1-_-y05-59996-88-MF,PK0001816:107,ABLO:PK0001816:107:S1,JP_21-S1-_-y05-59996-64-I-1,18:30:00,106,"Monday,Tuesday,Wednesday,Thursday,Friday",244,tfl_21-S1-_-y05-59996.xml
VJ_21-S1-_-y05-59996-89-MF,PK0001816:107,ABLO:PK0001816:107:S1,JP_21-S1-_-y05-59996-64-I-1,18:45:00,108,"Monday,Tuesday,Wednesday,Thursday,Friday",245,tfl_21-S1-_-y05-59996.xml
VJ_21-S1-_-y05-59996-90-MF,PK0001816:107,ABLO:PK0001816:107:S1,JP_21-S1-_-y05-59996-64-I-1,19:00:00,110,"Monday,Tuesday,Wednesday,Thursday,Friday",246,tfl_21-S1-_-y05-59996.xml
VJ_21-S1-_-y05-59996-91-MF,PK0001816:107,ABLO:PK0001816:107:S1,JP_21-S1-_-y05-59996-64-I-1,19:15:00,112,"Monday,Tuesday,Wednesday,Thursday,Friday",247,tfl_21-S1-_-y05-59996.xml
VJ_21-S1-_-y05-59996-92-MF,PK0001816:107,ABLO:PK0001816:107:S1,JP_21-S1-_-y05-59996-65-I-1,18:00:00,102,"Monday,Tuesday,Wednesday,Thursday,Friday",242,tfl_21-S1-_-y05-59996.xml
VJ_21-S1-_-y05-59996-93-MF,PK0001816:107,ABLO:PK0001816:107:S1,JP_21-S1-_-y05-59996-65-I-1,18:15:00,104,"Monday,Tuesday,Wednesday,Thursday,Friday",243,tfl_21-S1-_-y05-59996.xml
VJ_21-S1-_-y05-59996-94-MF,PK0001816:107,ABLO:PK0001816:107:S1,JP_21-S1-_-y05-59996-66-I-1,17:45:00,100,"Monday,Tuesday,Wednesday,Thursday,Friday",241,tfl_21-S1-_-y05-59996.xml
VJ_21-S1-_-y05-59996-95-MF,PK0001816:107,ABLO:PK0001816:107:S1,JP_21-S1-_-y05-59996-67-I-1,08:34:00,26,"Monday,Tuesday,Wednesday,Thursday,Friday",204,tfl_21-S1-_-y05-59996.xml
VJ_21-S1-_-y05-59996-96-MF,PK0001816:107,ABLO:PK0001816:107:S1,JP_21-S1-_-y05-59996-67-I-1,08:49:00,28,"Monday,Tuesday,Wednesday,Thursday,Friday",205,tfl_21-S1-_-y05-59996.xml
VJ_21-S1-_-y05-59996-97-MF,PK0001816:107,ABLO:PK0001816:107:S1,JP_21-S1-_-y05-59996-68-I-1,08:19:00,24,"Monday,Tuesday,Wednesday,Thursday,Friday",203,tfl_21-S1-_-y05-59996.xml
VJ_21-S1-_-y05-59996-98-MF,PK0001816:107,ABLO:PK0001816:107:S1,JP_21-S1-_-y05-59996-69-I-1,08:04:00,22,"Monday,Tuesday,Wednesday,Thursday,Friday",202,tfl_21-S1-_-y05-59996.xml
VJ_21-S1-_-y05-59996-99-MF,PK0001816:107,ABLO:PK0001816:107:S1,JP_21-S1-_-y05-59996-70-I-1,07:34:00,18,"Monday,Tuesday,Wednesday,Thursday,Friday",200,tfl_21-S1-_-y05-59996.xml
VJ_21-S1-_-y05-59996-100-MF,PK0001816:107,ABLO:PK0001816:107:S1,JP_21-S1-_-y05-59996-70-I-1,07:49:00,20,"Monday,Tuesday,Wednesday,Thursday,Friday",201,tfl_21-S1-_-y05-59996.xml
VJ_21-S1-_-y05-59996-127-MF,PK0001816:107,ABLO:PK0001816:107:S1,JP_21-S1-_-y05-59996-73-I-1,14:31:00,74,"Monday,Tuesday,Wednesday,Thursday,Friday",228,tfl_21-S1-_-y05-59996.xml
VJ_21-S1-_-y05-59996-128-MF,PK0001816:107,ABLO:PK0001816:107:S1,JP_21-S1-_-y05-59996-74-I-1,14:45:00,76,"Monday,Tuesday,Wednesday,Thursday,Friday",229,tfl_21-S1-_-y05-59996.xml
VJ_21-S1-_-y05-59996-129-MF,PK0001816:107,ABLO:PK0001816:107:S1,JP_21-S1-_-y05-59996-74-I-1,15:00:00,78,"Monday,Tuesday,Wednesday,Thursday,Friday",230,tfl_21-S1-_-y05-59996.xml
VJ_21-S1-_-y05-59996-130-MF,PK0001816:107,ABLO:PK0001816:107:S1,JP_21-S1-_-y05-59996-75-I-1,17:30:00,98,"Monday,Tuesday,Wednesday,Thursday,Friday",240,tfl_21-S1-_-y05-59996.xml
VJ_21-S1-_-y05-59996-131-MF,PK0001816:107,ABLO:PK0001816:107:S1,JP_21-S1-_-y05-59996-76-I-1,15:15:00,80,"Monday,Tuesday,Wednesday,Thursday,Friday",231,tfl_21-S1-_-y05-59996.xml
VJ_21-S1-_-y05-59996-132-MF,PK0001816:107,ABLO:PK0001816:107:S1,JP_21-S1-_-y05-59996-76-I-1,15:30:00,82,"Monday,Tuesday,Wednesday,Thursday,Friday",232,tfl_21-S1-_-y05-59996.xml
VJ_21-S1-_-y05-59996-133-MF,PK0001816:107,ABLO:PK0001816:107:S1,JP_21-S1-_-y05-59996-76-I-1,15:45:00,84,"Monday,Tuesday,Wednesday,Thursday,Friday",233,tfl_21-S1-_-y05-59996.xml
VJ_21-S1-_-y05-59996-134-MF,PK0001816:107,ABLO:PK0001816:107:S1,JP_21-S1-_-y05-59996-76-I-1,16:00:00,86,"Monday,Tuesday,Wednesday,Thursday,Friday",234,tfl_21-S1-_-y05-59996.xml
VJ_21-S1-_-y05-59996-135-MF,PK0001816:107,ABLO:PK0001816:107:S1,JP_21-S1-_-y05-59996-76-I-1,16:15:00,88,"Monday,Tuesday,Wednesday,Thursday,Friday",235,tfl_21-S1-_-y05-59996.xml
VJ_21-S1-_-y05-59996-136-MF,PK0001816:107,ABLO:PK0001816:107:S1,JP_21-S1-_-y05-59996-76-I-1,16:30:00,90,"Monday,Tuesday,Wednesday,Thursday,Friday",236,tfl_21-S1-_-y05-59996.xml
VJ_21-S1-_-y05-59996-137-MF,PK0001816:107,ABLO:PK0001816:107:S1,JP_21-S1-_-y05-59996-76-I-1,16:45:00,92,"Monday,Tuesday,Wednesday,Thursday,Friday",237,tfl_21-S1-_-y05-59996.xml
VJ_21-S1-_-y05-59996-138-MF,PK0001816:107,ABLO:PK0001816:107:S1,JP_21-S1-_-y05-59996-76-I-1,17:00:00,94,"Monday,Tuesday,Wednesday,Thursday,Friday",238,tfl_21-S1-_-y05-59996.xml
VJ_21-S1-_-y05-59996-139-MF,PK0001816:107,ABLO:PK0001816:107:S1,JP_21-S1-_-y05-59996-76-I-1,17:15:00,96,"Monday,Tuesday,Wednesday,Thursday,Friday",239,tfl_21-S1-_-y05-59996.xml
VJ_21-S1-_-y05-59996-140-MF,PK0001816:107,ABLO:PK0001816:107:S1,JP_21-S1-_-y05-59996-1-O-2,23:00:00,137,"Monday,Tuesday,Wednesday,Thursday,Friday",69,tfl_21-S1-_-y05-59996.xml
VJ_21-S1-_-y05-59996-141-MF,PK0001816:107,ABLO:PK0001816:107:S1,JP_21-S1-_-y05-59996-1-O-2,23:20:00,139,"Monday,Tuesday,Wednesday,Thursday,Friday",70,tfl_21-S1-_-y05-59996.xml
VJ_21-S1-_-y05-59996-142-MF,PK0001816:107,ABLO:PK0001816:107:S1,JP_21-S1-_-y05-59996-1-O-2,23:40:00,141,"Monday,Tuesday,Wednesday,Thursday,Friday",71,tfl_21-S1-_-y05-59996.xml
VJ_21-S1-_-y05-59996-143-MF,PK0001816:107,ABLO:PK0001816:107:S1,JP_21-S1-_-y05-59996-1-O-2,00:00:00,143,"Monday,Tuesday,Wednesday,Thursday,Friday",72,tfl_21-S1-_-y05-59996.xml
VJ_21-S1-_-y05-59996-144-MF,PK0001816:107,ABLO:PK0001816:107:S1,JP_21-S1-_-y05-59996-2-O-2,22:40:00,135,"Monday,Tuesday,Wednesday,Thursday,Friday",68,tfl_21-S1-_-y05-59996.xml
VJ_21-S1-_-y05-59996-145-MF,PK0001816:107,ABLO:PK0001816:107:S1,JP_21-S1-_-y05-59996-3-O-2,22:20:00,133,"Monday,Tuesday,Wednesday,Thursday,Friday",67,tfl_21-S1-_-y05-59996.xml
VJ_21-S1-_-y05-59996-146-MF,PK0001816:107,ABLO:PK0001816:107:S1,JP_21-S1-_-y05-59996-4-O-2,22:00:00,131,"Monday,Tuesday,Wednesday,Thursday,Friday",66,tfl_21-S1-_-y05-59996.xml
VJ_21-S1-_-y05-59996-147-MF,PK0001816:107,ABLO:PK0001816:107:S1,JP_21-S1-_-y05-59996-5-O-2,21:40:00,129,"Monday,Tuesday,Wednesday,Thursday,Friday",65,tfl_21-S1-_-y05-59996.xml
VJ_21-S1-_-y05-59996-168-MF,PK0001816:107,ABLO:PK0001816:107:S1,JP_21-S1-_-y05-59996-24-O-2,21:20:00,127,"Monday,Tuesday,Wednesday,Thursday,Friday",64,tfl_21-S1-_-y05-59996.xml
VJ_21-S1-_-y05-59996-169-MF,PK0001816:107,ABLO:PK0001816:107:S1,JP_21-S1-_-y05-59996-25-O-2,20:40:00,123,"Monday,Tuesday,Wednesday,Thursday,Friday",62,tfl_21-S1-_-y05-59996.xml
VJ_21-S1-_-y05-59996-170-MF,PK0001816:107,ABLO:PK0001816:107:S1,JP_21-S1-_-y05-59996-25-O-2,21:00:00,125,"Monday,Tuesday,Wednesday,Thursday,Friday",63,tfl_21-S1-_-y05-59996.xml
VJ_21-S1-_-y05-59996-171-MF,PK0001816:107,ABLO:PK0001816:107:S1,JP_21-S1-_-y05-59996-26-O-2,20:20:00,121,"Monday,Tuesday,Wednesday,Thursday,Friday",61,tfl_21-S1-_-y05-59996.xml
VJ_21-S1-_-y05-59996-172-MF,PK0001816:107,ABLO:PK0001816:107:S1,JP_21-S1-_-y05-59996-27-O-2,05:20:00,1,"Monday,Tuesday,Wednesday,Thursday,Friday",1,tfl_21-S1-_-y05-59996.xml
VJ_21-S1-_-y05-59996-173-MF,PK0001816:107,ABLO:PK0001816:107:S1,JP_21-S1-_-y05-59996-28-O-2,05:40:00,3,"Monday,Tuesday,Wednesday,Thursday,Friday",2,tfl_21-S1-_-y05-59996.xml
VJ_21-S1-_-y05-59996-174-MF,PK0001816:107,ABLO:PK0001816:107:S1,JP_21-S1-_-y05-59996-28-O-2,06:00:00,5,"Monday,Tuesday,Wednesday,Thursday,Friday",3,tfl_21-S1-_-y05-59996.xml
VJ_21-S1-_-y05-59996-175-MF,PK0001816:107,ABLO:PK0001816:107:S1,JP_21-S1-_-y05-59996-29-O-2,06:20:00,7,"Monday,Tuesday,Wednesday,Thursday,Friday",4,tfl_21-S1-_-y05-59996.xml
VJ_21-S1-_-y05-59996-176-MF,PK0001816:107,ABLO:PK0001816:107:S1,JP_21-S1-_-y05-59996-32-O-2,20:00:00,119,"Monday,Tuesday,Wednesday,Thursday,Friday",60,tfl_21-S1-_-y05-59996.xml
VJ_21-S1-_-y05-59996-177-MF,PK0001816:107,ABLO:PK0001816:107:S1,JP_21-S1-_-y05-59996-33-O-2,19:45:00,117,"Monday,Tuesday,Wednesday,Thursday,Friday",59,tfl_21-S1-_-y05-59996.xml
VJ_21-S1-_-y05-59996-178-MF,PK0001816:107,ABLO:PK0001816:107:S1,JP_21-S1-_-y05-59996-34-O-2,19:30:00,115,"Monday,Tuesday,Wednesday,Thursday,Friday",58,tfl_21-S1-_-y05-59996.xml
VJ_21-S1-_-y05-59996-179-MF,PK0001816:107,ABLO:PK0001816:107:S1,JP_21-S1-_-y05-59996-35-O-2,06:40:00,9,"Monday,Tuesday,Wednesday,Thursday,Friday",5,tfl_21-S1-_-y05-59996.xml
VJ_21-S1-_-y05-59996-180-MF,PK0001816:107,ABLO:PK0001816:107:S1,JP_21-S1-_-y05-59996-35-O-2,06:55:00,11,"Monday,Tuesday,Wednesday,Thursday,Friday",6,tfl_21-S1-_-y05-59996.xml
VJ_21-S1-_-y05-59996-189-MF,PK0001816:107,ABLO:PK0001816:107:S1,JP_21-S1-_-y05-59996-49-O-2,19:15:00,113,"Monday,Tuesday,Wednesday,Thursday,Friday",57,tfl_21-S1-_-y05-59996.xml
VJ_21-S1-_-y05-59996-193-MF,PK0001816:107,ABLO:PK0001816:107:S1,JP_21-S1-_-y05-59996-53-O-2,19:00:00,111,"Monday,Tuesday,Wednesday,Thursday,Friday",56,tfl_21-S1-_-y05-59996.xml
VJ_21-S1-_-y05-59996-194-MF,PK0001816:107,ABLO:PK0001816:107:S1,JP_21-S1-_-y05-59996-55-O-2,18:45:00,109,"Monday,Tuesday,Wednesday,Thursday,Friday",55,tfl_21-S1-_-y05-59996.xml
VJ_21-S1-_-y05-59996-195-MF,PK0001816:107,ABLO:PK0001816:107:S1,JP_21-S1-_-y05-59996-56-O-2,18:30:00,107,"Monday,Tuesday,Wednesday,Thursday,Friday",54,tfl_21-S1-_-y05-59996.xml
VJ_21-S1-_-y05-59996-199-MF,PK0001816:107,ABLO:PK0001816:107:S1,JP_21-S1-_-y05-59996-66-O-2,18:15:00,105,"Monday,Tuesday,Wednesday,Thursday,Friday",53,tfl_21-S1-_-y05-59996.xml
VJ_21-S1-_-y05-59996-200-MF,PK0001816:107,ABLO:PK0001816:107:S1,JP_21-S1-_-y05-59996-67-O-2,07:10:00,13,"Monday,Tuesday,Wednesday,Thursday,Friday",7,tfl_21-S1-_-y05-59996.xml
VJ_21-S1-_-y05-59996-204-MF,PK0001816:107,ABLO:PK0001816:107:S1,JP_21-S1-_-y05-59996-70-O-2,07:23:00,15,"Monday,Tuesday,Wednesday,Thursday,Friday",8,tfl_21-S1-_-y05-59996.xml
VJ_21-S1-_-y05-59996-218-MF,PK0001816:107,ABLO:PK0001816:107:S1,JP_21-S1-_-y05-59996-74-O-2,09:18:00,31,"Monday,Tuesday,Wednesday,Thursday,Friday",16,tfl_21-S1-_-y05-59996.xml
VJ_21-S1-_-y05-59996-219-MF,PK0001816:107,ABLO:PK0001816:107:S1,JP_21-S1-_-y05-59996-74-O-2,09:31:00,33,"Monday,Tuesday,Wednesday,Thursday,Friday",17,tfl_21-S1-_-y05-59996.xml
VJ_21-S1-_-y05-59996-220-MF,PK0001816:107,ABLO:PK0001816:107:S1,JP_21-S1-_-y05-59996-74-O-2,09:43:00,35,"Monday,Tuesday,Wednesday,Thursday,Friday",18,tfl_21-S1-_-y05-59996.xml
VJ_21-S1-_-y05-59996-221-MF,PK0001816:107,ABLO:PK0001816:107:S1,JP_21-S1-_-y05-59996-74-O-2,09:55:00,37,"Monday,Tuesday,Wednesday,Thursday,Friday",19,tfl_21-S1-_-y05-59996.xml
VJ_21-S1-_-y05-59996-222-MF,PK0001816:107,ABLO:PK0001816:107:S1,JP_21-S1-_-y05-59996-74-O-2,10:10:00,39,"Monday,Tuesday,Wednesday,Thursday,Friday",20,tfl_21-S1-_-y05-59996.xml
VJ_21-S1-_-y05-59996-223-MF,PK0001816:107,ABLO:PK0001816:107:S1,JP_21-S1-_-y05-59996-74-O-2,10:25:00,41,"Monday,Tuesday,Wednesday,Thursday,Friday",21,tfl_21-S1-_-y05-59996.xml
VJ_21-S1-_-y05-59996-224-MF,PK0001816:107,ABLO:PK0001816:107:S1,JP_21-S1-_-y05-59996-74-O-2,10:40:00,43,"Monday,Tuesday,Wednesday,Thursday,Friday",22,tfl_21-S1-_-y05-59996.xml
VJ_21-S1-_-y05-59996-225-MF,PK0001816:107,ABLO:PK0001816:107:S1,JP_21-S1-_-y05-59996-74-O-2,10:55:00,45,"Monday,Tuesday,Wednesday,Thursday,Friday",23,tfl_21-S1-_-y05-59996.xml
VJ_21-S1-_-y05-59996-226-MF,PK0001816:107,ABLO:PK0001816:107:S1,JP_21-S1-_-y05-59996-74-O-2,11:10:00,47,"Monday,Tuesday,Wednesday,Thursday,Friday",24,tfl_21-S1-_-y05-59996.xml
VJ_21-S1-_-y05-59996-227-MF,PK0001816:107,ABLO:PK0001816:107:S1,JP_21-S1-_-y05-59996-74-O-2,11:25:00,49,"Monday,Tuesday,Wednesday,Thursday,Friday",25,tfl_21-S1-_-y05-59996.xml
VJ_21-S1-_-y05-59996-228-MF,PK0001816:107,ABLO:PK0001816:107:S1,JP_21-S1-_-y05-59996-74-O-2,11:40:00,51,"Monday,Tuesday,Wednesday,Thursday,Friday",26,tfl_21-S1-_-y05-59996.xml
VJ_21-S1-_-y05-59996-229-MF,PK0001816:107,ABLO:PK0001816:107:S1,JP_21-S1-_-y05-59996-74-O-2,11:55:00,53,"Monday,Tuesday,Wednesday,Thursday,Friday",27,tfl_21-S1-_-y05-59996.xml
VJ_21-S1-_-y05-59996-230-MF,PK0001816:107,ABLO:PK0001816:107:S1,JP_21-S1-_-y05-59996-74-O-2,12:10:00,55,"Monday,Tuesday,Wednesday,Thursday,Friday",28,tfl_21-S1-_-y05-59996.xml
VJ_21-S1-_-y05-59996-231-MF,PK0001816:107,ABLO:PK0001816:107:S1,JP_21-S1-_-y05-59996-74-O-2,12:25:00,57,"Monday,Tuesday,Wednesday,Thursday,Friday",29,tfl_21-S1-_-y05-59996.xml
VJ_21-S1-_-y05-59996-232-MF,PK0001816:107,ABLO:PK0001816:107:S1,JP_21-S1-_-y05-59996-74-O-2,12:40:00,59,"Monday,Tuesday,Wednesday,Thursday,Friday",30,tfl_21-S1-_-y05-59996.xml
VJ_21-S1-_-y05-59996-233-MF,PK0001816:107,ABLO:PK0001816:107:S1,JP_21-S1-_-y05-59996-74-O-2,12:55:00,61,"Monday,Tuesday,Wednesday,Thursday,Friday",31,tfl_21-S1-_-y05-59996.xml
VJ_21-S1-_-y05-59996-234-MF,PK0001816:107,ABLO:PK0001816:107:S1,JP_21-S1-_-y05-59996-74-O-2,13:10:00,63,"Monday,Tuesday,Wednesday,Thursday,Friday",32,tfl_21-S1-_-y05-59996.xml
VJ_21-S1-_-y05-59996-235-MF,PK0001816:107,ABLO:PK0001816:107:S1,JP_21-S1-_-y05-59996-75-O-2,18:00:00,103,"Monday,Tuesday,Wednesday,Thursday,Friday",52,tfl_21-S1-_-y05-59996.xml
VJ_21-S1-_-y05-59996-238-MF,PK0001816:107,ABLO:PK0001816:107:S1,JP_21-S1-_-y05-59996-78-O-2,13:25:00,65,"Monday,Tuesday,Wednesday,Thursday,Friday",33,tfl_21-S1-_-y05-59996.xml
VJ_21-S1-_-y05-59996-239-MF,PK0001816:107,ABLO:PK0001816:107:S1,JP_21-S1-_-y05-59996-78-O-2,13:40:00,67,"Monday,Tuesday,Wednesday,Thursday,Friday",34,tfl_21-S1-_-y05-59996.xml
VJ_21-S1-_-y05-59996-240-MF,PK0001816:107,ABLO:PK0001816:107:S1,JP_21-S1-_-y05-59996-79-O-2,13:55:00,69,"Monday,Tuesday,Wednesday,Thursday,Friday",35,tfl_21-S1-_-y05-59996.xml
VJ_21-S1-_-y05-59996-241-MF,PK0001816:107,ABLO:PK0001816:107:S1,JP_21-S1-_-y05-59996-80-O-2,14:10:00,71,"Monday,Tuesday,Wednesday,Thursday,Friday",36,tfl_21-S1-_-y05-59996.xml
VJ_21-S1-_-y05-59996-242-MF,PK0001816:107,ABLO:PK0001816:107:S1,JP_21-S1-_-y05-59996-81-O-2,14:24:00,73,"Monday,Tuesday,Wednesday,Thursday,Friday",37,tfl_21-S1-_-y05-59996.xml
VJ_21-S1-_-y05-59996-243-MF,PK0001816:107,ABLO:PK0001816:107:S1,JP_21-S1-_-y05-59996-82-O-2,17:45:00,101,"Monday,Tuesday,Wednesday,Thursday,Friday",51,tfl_21-S1-_-y05-59996.xml
VJ_21-S1-_-y05-59996-244-MF,PK0001816:107,ABLO:PK0001816:107:S1,JP_21-S1-_-y05-59996-83-O-2,17:30:00,99,"Monday,Tuesday,Wednesday,Thursday,Friday",50,tfl_21-S1-_-y05-59996.xml
VJ_21-S1-_-y05-59996-245-MF,PK0001816:107,ABLO:PK0001816:107:S1,JP_21-S1-_-y05-59996-84-O-2,14:37:00,75,"Monday,Tuesday,Wednesday,Thursday,Friday",38,tfl_21-S1-_-y05-59996.xml
VJ_21-S1-_-y05-59996-246-MF,PK0001816:107,ABLO:PK0001816:107:S1,JP_21-S1-_-y05-59996-85-O-2,15:30:00,83,"Monday,Tuesday,Wednesday,Thursday,Friday",42,tfl_21-S1-_-y05-59996.xml
VJ_21-S1-_-y05-59996-247-MF,PK0001816:107,ABLO:PK0001816:107:S1,JP_21-S1-_-y05-59996-85-O-2,15:45:00,85,"Monday,Tuesday,Wednesday,Thursday,Friday",43,tfl_21-S1-_-y05-59996.xml
VJ_21-S1-_-y05-59996-248-MF,PK0001816:107,ABLO:PK0001816:107:S1,JP_21-S1-_-y05-59996-85-O-2,16:00:00,87,"Monday,Tuesday,Wednesday,Thursday,Friday",44,tfl_21-S1-_-y05-59996.xml
VJ_21-S1-_-y05-59996-249-MF,PK0001816:107,ABLO:PK0001816:107:S1,JP_21-S1-_-y05-59996-85-O-2,16:15:00,89,"Monday,Tuesday,Wednesday,Thursday,Friday",45,tfl_21-S1-_-y05-59996.xml
VJ_21-S1-_-y05-59996-250-MF,PK0001816:107,ABLO:PK0001816:107:S1,JP_21-S1-_-y05-59996-85-O-2,16:30:00,91,"Monday,Tuesday,Wednesday,Thursday,Friday",46,tfl_21-S1-_-y05-59996.xml
VJ_21-S1-_-y05-59996-251-MF,PK0001816:107,ABLO:PK0001816:107:S1,JP_21-S1-_-y05-59996-85-O-2,16:45:00,93,"Monday,Tuesday,Wednesday,Thursday,Friday",47,tfl_21-S1-_-y05-59996.xml
VJ_21-S1-_-y05-59996-252-MF,PK0001816:107,ABLO:PK0001816:107:S1,JP_21-S1-_-y05-59996-85-O-2,17:00:00,95,"Monday,Tuesday,Wednesday,Thursday,Friday",48,tfl_21-S1-_-y05-59996.xml
VJ_21-S1-_-y05-59996-253-MF,PK0001816:107,ABLO:PK0001816:107:S1,JP_21-S1-_-y05-59996-85-O-2,17:15:00,97,"Monday,Tuesday,Wednesday,Thursday,Friday",49,tfl_21-S1-_-y05-59996.xml
VJ_21-S1-_-y05-59996-254-MF,PK0001816:107,ABLO:PK0001816:107:S1,JP_21-S1-_-y05-59996-86-O-2,15:18:00,81,"Monday,Tuesday,Wednesday,Thursday,Friday",41,tfl_21-S1-_-y05-59996.xml
VJ_21-S1-_-y05-59996-255-MF,PK0001816:107,ABLO:PK0001816:107:S1,JP_21-S1-_-y05-59996-87-O-2,14:50:00,77,"Monday,Tuesday,Wednesday,Thursday,Friday",39,tfl_21-S1-_-y05-59996.xml
VJ_21-S1-_-y05-59996-256-MF,PK0001816:107,ABLO:PK0001816:107:S1,JP_21-S1-_-y05-59996-87-O-2,15:05:00,79,"Monday,Tuesday,Wednesday,Thursday,Friday",40,tfl_21-S1-_-y05-59996.xml
VJ_21-S1-_-y05-59996-257-MF,PK0001816:107,ABLO:PK0001816:107:S1,JP_21-S1-_-y05-59996-88-O-2,07:36:00,17,"Monday,Tuesday,Wednesday,Thursday,Friday",9,tfl_21-S1-_-y05-59996.xml
VJ_21-S1-_-y05-59996-259-MF,PK0001816:107,ABLO:PK0001816:107:S1,JP_21-S1-_-y05-59996-90-O-2,09:05:00,29,"Monday,Tuesday,Wednesday,Thursday,Friday",15,tfl_21-S1-_-y05-59996.xml
VJ_21-S1-_-y05-59996-260-MF,PK0001816:107,ABLO:PK0001816:107:S1,JP_21-S1-_-y05-59996-91-O-2,08:50:00,27,"Monday,Tuesday,Wednesday,Thursday,Friday",14,tfl_21-S1-_-y05-59996.xml
VJ_21-S1-_-y05-59996-261-MF,PK0001816:107,ABLO:PK0001816:107:S1,JP_21-S1-_-y05-59996-92-O-2,08:35:00,25,"Monday,Tuesday,Wednesday,Thursday,Friday",13,tfl_21-S1-_-y05-59996.xml
VJ_21-S1-_-y05-59996-264-MF,PK0001816:107,ABLO:PK0001816:107:S1,JP_21-S1-_-y05-59996-95-O-2,08:20:00,23,"Monday,Tuesday,Wednesday,Thursday,Friday",12,tfl_21-S1-_-y05-59996.xml
VJ_21-S1-_-y05-59996-265-MF,PK0001816:107,ABLO:PK0001816:107:S1,JP_21-S1-_-y05-59996-96-O-2,08:05:00,21,"Monday,Tuesday,Wednesday,Thursday,Friday",11,tfl_21-S1-_-y05-59996.xml
VJ_21-S1-_-y05-59996-266-MF,PK0001816:107,ABLO:PK0001816:107:S1,JP_21-S1-_-y05-59996-97-O-2,07:50:00,19,"Monday,Tuesday,Wednesday,Thursday,Friday",10,tfl_21-S1-_-y05-59996.xml
